Ind	Tipo_Diente	MD	BL	MDCu	BLCu	Sexo	Edad
1	1II	5.11	5.69	3.42	5.28	M	16
1	2II	5.78	6.09	3.99	5.84	M	16
1	CI	6.73	7.31	5.55	7.09	M	16
1	1PMI	6.74	7.7	4.82	6.58	M	16
1	2PMI	6.39	7.11	4.51	6.13	M	16
1	1MI	10.91	9.9	9.14	8.62	M	16
1	2MI	10.87	9.46	9.27	9.71	M	16
1	1IS	8.47	6.96	6.08	6.19	M	16
1	2IS	6.65	7.43	6.39	7.2	M	16
1	CS	7.37	8.16	5.84	7.61	M	16
1	1PMS	6.34	8.32	4.52	7.5	M	16
1	2PMS	5.91	7.7	4.26	6.64	M	16
1	1MS	9.86	11.01	8.02	10.32	M	16
1	2MS	9.95	11.18	9.04	10.34	M	16
2	1II	4.92	5.04	3.07	4.69	F	17
2	2II	5.37	5.67	3.61	5.39	F	17
2	CI	5.8	7.11	4.49	6.96	F	17
2	1PMI	6.29	7.1	4.35	6.55	F	17
2	2PMI	6.44	7.22	NA	NA	F	17
2	1MI	10.76	10.43	8.71	9.53	F	17
2	2MI	10.58	9.79	NA	NA	F	17
2	1IS	7.84	6.58	6.19	5.99	F	17
2	2IS	5.51	5.8	4.32	5.1	F	17
2	CS	6.47	7.23	4.81	7.05	F	17
2	1PMS	6.13	8.49	4.35	7.9	F	17
2	2PMS	7.12	9.67	5.78	8.82	F	17
2	1MS	10.6	10.85	8.62	10.39	F	17
2	2MS	9.51	10.74	7.63	11.19	F	17
3	1II	4.68	5.82	3.09	5.52	F	14
3	2II	5.58	6.39	3.71	6	F	14
3	CI	6.1	7.25	4.95	6.89	F	14
3	1PMI	6.57	7.64	5.03	6.78	F	14
3	2PMI	6.63	8.44	5.05	7.35	F	14
3	1MI	10.66	10.21	8.93	9.29	F	14
3	2MI	10.62	9.99	9.62	9.67	F	14
3	1IS	7.67	7.05	5.67	6.36	F	14
3	2IS	5.96	6.22	4.42	6.1	F	14
3	CS	7.1	8.45	5.54	7.36	F	14
3	1PMS	6.62	9.48	4.99	8.52	F	14
3	2PMS	7.04	9.65	5.7	8.89	F	14
3	1MS	9.63	11.03	7.32	10.8	F	14
3	2MS	9.64	11.16	8.28	10.39	F	14
4	1II	5.19	5.93	3.62	5.62	F	17
4	2II	6.05	6.3	6.01	4.51	F	17
4	CI	6.58	7.16	4.75	6.99	F	17
4	1PMI	6.66	7.27	4.92	5.01	F	17
4	2PMI	6.81	7.83	4.76	6.54	F	17
4	1MI	11.16	10.75	9.07	8.71	F	17
4	2MI	10.95	10	8.32	9.55	F	17
4	1IS	NA	NA	NA	NA	F	17
4	2IS	6.35	6.64	4.72	6.02	F	17
4	CS	7.63	7.83	5.55	7.55	F	17
4	1PMS	6.35	8.58	4.48	7.61	F	17
4	2PMS	6.25	9.19	5.1	8.51	F	17
4	1MS	10.26	10.96	8.11	10.19	F	17
4	2MS	9.24	10.95	8.25	9.92	F	17
5	1II	5.26	5.42	3.05	5	M	18
5	2II	5.81	5.94	3.09	5.65	M	18
5	CI	6.01	7	4.69	6.98	M	18
5	1PMI	6.14	7.02	4.48	6.38	M	18
5	2PMI	6.19	6.77	4.52	6.23	M	18
5	1MI	NA	NA	NA	NA	M	18
5	2MI	NA	NA	NA	NA	M	18
5	1IS	7.98	6.88	6.08	6.32	M	18
5	2IS	6.25	5.66	4.57	5.41	M	18
5	CS	6.87	7.78	4.89	7.52	M	18
5	1PMS	6.22	8.2	4.49	7.79	M	18
5	2PMS	5.71	7.39	4.48	7.36	M	18
5	1MS	9.6	10.36	7.59	10.01	M	18
5	2MS	9.2	10.19	7.35	10.2	M	18
6	1II	NA	NA	NA	NA	F	11
6	2II	NA	NA	NA	NA	F	11
6	CI	7.52	7.73	5.33	7.35	F	11
6	1PMI	6.95	8.06	5.18	7.09	F	11
6	2PMI	7.13	8.9	5.29	8.3	F	11
6	1MI	11.66	10.96	9.45	9.87	F	11
6	2MI	10.8	9.96	NA	NA	F	11
6	1IS	8.05	6.58	6.73	5.99	F	11
6	2IS	6.61	5.52	4.87	5.27	F	11
6	CS	7.5	8.03	5.75	7.25	F	11
6	1PMS	6.51	9.4	5.06	8.68	F	11
6	2PMS	6.61	8.81	6.03	8.41	F	11
6	1MS	11.66	10.11	7.8	11.26	F	11
6	2MS	NA	11.54	NA	NA	F	11
7	1II	5.1	6.07	3.48	5.81	M	16
7	2II	5.71	6.3	3.82	6.1	M	16
7	CI	6.14	7.81	5.34	7.88	M	16
7	1PMI	6.59	7.19	4.53	7.06	M	16
7	2PMI	7.18	8.46	NA	NA	M	16
7	1MI	10.83	10.07	8.46	9.42	M	16
7	2MI	10.71	9.42	9.64	9.39	M	16
7	1IS	7.81	7.18	6.21	6.9	M	16
7	2IS	6.02	6.08	4.5	6.04	M	16
7	CS	7.05	8.36	5.24	8.17	M	16
7	1PMS	6.19	8.41	4.52	7.99	M	16
7	2PMS	6.45	9.24	4.79	8.93	M	16
7	1MS	10.1	11.25	7.89	10.85	M	16
7	2MS	9.07	11.3	8.1	11.7	M	16
8	1II	5.72	5.81	3.86	5.23	F	10
8	2II	5.97	6.38	3.9	6.17	F	10
8	CI	6.38	NA	NA	NA	F	10
8	1PMI	6.14	6.76	4.7	NA	F	10
8	2PMI	NA	NA	NA	NA	F	10
8	1MI	10.81	10.41	9.7	9.99	F	10
8	2MI	NA	NA	NA	NA	F	10
8	1IS	8.55	7.16	6.02	6.41	F	10
8	2IS	6.23	5.99	5.02	5.55	F	10
8	CS	6.85	NA	NA	NA	F	10
8	1PMS	6.33	8.35	4.69	7.71	F	10
8	2PMS	6.09	8.81	4.71	7.91	F	10
8	1MS	10.18	11.15	8.12	11.12	F	10
8	2MS	NA	NA	NA	NA	F	10
9	1II	5.23	6.34	4.21	6.23	M	17
9	2II	6.11	6.95	4.03	6.56	M	17
9	CI	6.97	7.92	5.53	7.93	M	17
9	1PMI	6.95	8.06	5.18	7.09	M	17
9	2PMI	7.13	8.9	5.29	8.3	M	17
9	1MI	NA	NA	8.93	9.48	M	17
9	2MI	10.89	10.06	10.34	9.83	M	17
9	1IS	8.38	7.18	7.01	6.79	M	17
9	2IS	7.08	6.6	5.79	6.42	M	17
9	CS	8.04	8.58	5.74	8.61	M	17
9	1PMS	7.47	9.86	5.8	9.33	M	17
9	2PMS	6.97	10.07	4.72	9.68	M	17
9	1MS	10.53	11.2	8.21	10.86	M	17
9	2MS	9.67	11.6	11.54	11.49	M	17
10	1II	5.37	5.77	3.48	5.11	F	12
10	2II	5.88	6.12	3.64	5.8	F	12
10	CI	6.48	7.28	5.25	6.6	F	12
10	1PMI	6.93	7	4.58	6.6	F	12
10	2PMI	NA	7.24	5.35	6.78	F	12
10	1MI	10.5	9.87	8.56	9.14	F	12
10	2MI	10.03	9.32	9.07	NA	F	12
10	1IS	7.88	6.65	6.04	6.42	F	12
10	2IS	6.34	6.19	4.69	5.59	F	12
10	CS	7.34	8.1	5.6	7.33	F	12
10	1PMS	6.39	8.44	5	7.79	F	12
10	2PMS	6.05	8.45	5.88	7.88	F	12
10	1MS	9.6	10.45	7.33	10.32	F	12
10	2MS	8.68	9.68	7.04	9.54	F	12
11	1II	5.55	6.33	4.05	5.76	M	16
11	2II	NA	NA	NA	NA	NA	NA
11	CI	6.83	8.1	5.79	7.86	M	16
11	1PMI	7.62	8.48	5.45	7.5	M	16
11	2PMI	7.15	8.39	5.61	7.4	M	16
11	1MI	11.79	10.89	9.73	9.58	M	16
11	2MI	11.46	10.76	10.4	NA	M	16
11	1IS	9.18	7.72	7.05	6.89	M	16
11	2IS	6.63	6.95	5.18	6.68	M	16
11	CS	7.71	8.63	5.98	8.01	M	16
11	1PMS	7.14	9.68	5.15	8.42	M	16
11	2PMS	6.79	10	5.66	9.4	M	16
11	1MS	10.97	12.02	8.47	11.47	M	16
11	2MS	9.8	12.65	7.58	11.83	M	16
12	1II	5.35	5.65	3.38	5.57	M	16
12	2II	5.57	6.21	3.7	6.05	M	16
12	CI	6.72	7.95	5.67	7.84	M	16
12	1PMI	6.62	7.89	4.8	6.99	M	16
12	2PMI	6.74	8.45	5.46	7.51	M	16
12	1MI	10.54	10.4	9.07	9.45	M	16
12	2MI	11.76	10.39	11	10.1	M	16
12	1IS	NA	NA	NA	NA	M	16
12	2IS	6.39	5.78	5.1	5.56	M	16
12	CS	7.62	8.63	5.87	8.3	M	16
12	1PMS	6.74	9.1	4.93	8.46	M	16
12	2PMS	6.42	9.61	5.3	8.89	M	16
12	1MS	10.14	11.61	8.21	11	M	16
12	2MS	10.31	11.73	8.39	11.5	M	16
13	1II	5.22	5.71	4.16	5.52	F	17
13	2II	6.01	6.13	4.63	5.92	F	17
13	CI	5.76	7.52	5.5	7.06	F	17
13	1PMI	6.86	7.22	5.25	6.35	F	17
13	2PMI	7.39	8.26	5.12	7.24	F	17
13	1MI	9.88	8.92	9.12	8.67	F	17
13	2MI	NA	NA	NA	NA	F	17
13	1IS	8.84	6.7	6.78	6.18	F	17
13	2IS	7.44	6.21	5.54	5.89	F	17
13	CS	7.68	8.01	5.42	7.79	F	17
13	1PMS	6.93	8.36	5.1	7.82	F	17
13	2PMS	6.42	9.03	4.48	7.81	F	17
13	1MS	10.5	10.99	8.01	10.5	F	17
13	2MS	9.78	11.2	7.56	10.72	F	17
14	1II	5.52	6.43	4.02	5.92	M	16
14	2II	6.26	6.79	4.8	6.2	M	16
14	CI	6.7	7.52	5.79	7.77	M	16
14	1PMI	6.98	7.85	5.36	6.86	M	16
14	2PMI	6.63	8.5	5.22	7.46	M	16
14	1MI	11.29	10.43	9.68	9.29	M	16
14	2MI	10.9	10.36	9.55	10.05	M	16
14	1IS	9	7.78	6.89	6.9	M	16
14	2IS	7.08	7.09	5.48	6.55	M	16
14	CS	7.68	9.01	6.12	8.44	M	16
14	1PMS	6.69	9.51	5.67	8.66	M	16
14	2PMS	6.91	9.52	5.7	9.19	M	16
14	1MS	10.53	11.6	8.1	11.05	M	16
14	2MS	10.19	10.96	8.27	10.89	M	16
15	1II	4.64	5.97	3.42	5.79	M	45
15	2II	4.75	5.99	3.9	5.73	M	45
15	CI	6.42	7.61	5.22	7.42	M	45
15	1PMI	6.23	7.2	4.79	6.59	M	45
15	2PMI	6.76	7.56	4.97	6.81	M	45
15	1MI	10.79	10.14	8.89	9.3	M	45
15	2MI	9.86	9.45	8.64	8.93	M	45
15	1IS	7.08	6.82	5.34	6.54	M	45
15	2IS	6.25	5.99	4.28	5.76	M	45
15	CS	7.44	8.32	5.94	8.16	M	45
15	1PMS	6.71	8.59	5.14	8.35	M	45
15	2PMS	6.28	8.62	5.05	8.15	M	45
15	1MS	9.55	10.79	7.58	10.54	M	45
15	2MS	8.74	10.35	7.14	10.32	M	45
16	1II	5.45	7.53	3.54	7.01	M	18
16	2II	5.68	5.15	4.1	6.18	M	18
16	CI	7.14	9.12	5.89	8.86	M	18
16	1PMI	7.27	8.18	5.39	7.48	M	18
16	2PMI	7.25	8.7	5.27	8.3	M	18
16	1MI	12.02	10.95	9.76	10.11	M	18
16	2MI	11.97	10.74	10.93	9.94	M	18
16	1IS	8.05	6.76	7.07	6.39	M	18
16	2IS	7.88	8.05	6.17	7.09	M	18
16	CS	8.04	9.97	6.26	9.77	M	18
16	1PMS	6.99	9.82	4.79	9.18	M	18
16	2PMS	6.9	8.68	4.74	7.94	M	18
16	1MS	10.54	12.28	8.29	11.85	M	18
16	2MS	11.41	12.3	9.1	11.7	M	18
17	1II	5.17	6.33	3.59	6.25	M	19
17	2II	5.92	6.35	4.25	6.49	M	19
17	CI	6.33	8.11	5.9	8.09	M	19
17	1PMI	7.05	7.99	5.13	7.3	M	19
17	2PMI	7.65	8.32	5.71	7.06	M	19
17	1MI	11.94	10.38	9.4	9.17	M	19
17	2MI	11.96	9.98	9.89	9.7	M	19
17	1IS	8.82	7.39	6.5	6.44	M	19
17	2IS	6	6.26	4.35	5.39	M	19
17	CS	7.61	8.84	6.32	8.28	M	19
17	1PMS	6.8	9.26	4.95	8.82	M	19
17	2PMS	6.28	9.62	4.98	8.93	M	19
17	1MS	10.23	11.41	7.89	11.46	M	19
17	2MS	10.55	12.23	8.15	12.12	M	19
18	1II	4.82	5.47	3.32	6	F	33
18	2II	5.59	5.89	3.82	5.66	F	33
18	CI	6.37	6.64	4.66	6.52	F	33
18	1PMI	6.42	7.36	4.43	6.49	F	33
18	2PMI	5.81	7.36	4.29	6.72	F	33
18	1MI	10.38	10.04	8.33	8.41	F	33
18	2MI	9.36	9.14	8.03	8.81	F	33
18	1IS	8.09	6.86	5.64	5.79	F	33
18	2IS	6.81	6.21	4.55	6.08	F	33
18	CS	7.5	7.61	5.23	7.14	F	33
18	1PMS	6.28	8.5	4.12	8	F	33
18	2PMS	5.71	8.16	3.92	7.4	F	33
18	1MS	9.59	10.67	6.97	10.23	F	33
18	2MS	8.27	10.08	5.99	6.93	F	33
19	1II	5.85	6.9	3.68	6.12	F	27
19	2II	6.56	6.74	4.53	6.64	F	27
19	CI	7.48	8.29	5.68	8.09	F	27
19	1PMI	7.29	8.07	5.2	6.82	F	27
19	2PMI	8.25	8.99	5.4	8.3	F	27
19	1MI	12.79	11.13	9.79	10.64	F	27
19	2MI	13.57	11.67	10.44	9.95	F	27
19	1IS	9.84	7.75	7.24	6.55	F	27
19	2IS	7.35	6.63	5.75	5.86	F	27
19	CS	8.22	9.31	5.98	8.45	F	27
19	1PMS	7.39	9.45	4.67	8.74	F	27
19	2PMS	7.24	9.99	5.08	8.71	F	27
19	1MS	NA	NA	NA	NA	F	27
19	2MS	11.21	11.95	8.19	11.85	F	27
20	1II	4.97	5.47	3.42	5.19	F	35
20	2II	6.02	5.77	3.3	5.4	F	35
20	CI	7.22	8	5.7	7.65	F	35
20	1PMI	6.47	7.3	4.82	5.92	F	35
20	2PMI	6.13	8.05	4.41	7.54	F	35
20	1MI	10.48	9.86	8.7	9.15	F	35
20	2MI	10.9	9.67	8.7	9.3	F	35
20	1IS	7.64	6.7	5.27	6.28	F	35
20	2IS	5.91	6.17	3.72	5.86	F	35
20	CS	7.11	7.72	4.75	7.3	F	35
20	1PMS	5.86	8.18	4.01	7.36	F	35
20	2PMS	5.76	8.24	4.36	7.62	F	35
20	1MS	9.94	10.42	7.24	9.72	F	35
20	2MS	8.1	10.45	7.52	9.58	F	35
21	1II	NA	NA	NA	NA	M	31
21	2II	NA	NA	NA	NA	M	31
21	CI	6.41	8.12	5.26	8.17	M	31
21	1PMI	7.33	7.61	5.16	6.9	M	31
21	2PMI	7.68	6.22	4.94	5.75	M	31
21	1MI	10.56	10.66	8.7	9.61	M	31
21	2MI	10.31	9.77	8.68	8.62	M	31
21	1IS	9.03	7.84	7.74	7.16	M	31
21	2IS	5.43	5.75	4.8	5.67	M	31
21	CS	7.77	9.17	6.25	8.85	M	31
21	1PMS	NA	NA	NA	NA	M	31
21	2PMS	7.05	9.3	6	9.14	M	31
21	1MS	NA	NA	NA	NA	M	31
21	2MS	9.36	11.5	8.35	11.82	M	31
22	1II	5.56	6.29	3.67	6.05	M	24
22	2II	6.04	6.41	3.76	6.26	M	24
22	CI	6.5	7.86	5.56	7.65	M	24
22	1PMI	6.62	7.65	5.03	7.2	M	24
22	2PMI	7.7	8.49	5.83	7.25	M	24
22	1MI	11.41	10.56	9.34	9.11	M	24
22	2MI	10.95	10.16	9.8	9.99	M	24
22	1IS	NA	NA	NA	NA	M	24
22	2IS	6.3	6.8	5.19	5.76	M	24
22	CS	7.21	8.21	5.69	8	M	24
22	1PMS	5.39	8.72	5.06	8.1	M	24
22	2PMS	6.02	9.06	5.42	8.7	M	24
22	1MS	10.54	11.45	8.82	11.46	M	24
22	2MS	10.32	11.21	8.81	11.41	M	24
23	1II	4.99	5.82	3.63	NA	M	19
23	2II	4.97	5.25	3.68	5.2	M	19
23	CI	7.16	7.49	5.12	7.28	M	19
23	1PMI	5.9	7.24	4.54	6.85	M	19
23	2PMI	5.88	7.28	4.85	6.84	M	19
23	1MI	9.8	9.94	8.68	8.36	M	19
23	2MI	8.6	8.71	7.48	7.82	M	19
23	1IS	7.95	6.69	6.67	5.74	M	19
23	2IS	6.1	5.77	4.6	5.55	M	19
23	CS	6.18	7.61	6.06	7.49	M	19
23	1PMS	6.23	8.37	4.58	7.67	M	19
23	2PMS	5.35	8.22	4.54	8.31	M	19
23	1MS	10.3	10.07	7.71	9.8	M	19
23	2MS	8.87	9.66	6.84	9.72	M	19
24	1II	5.12	6.19	3.44	6.04	M	21
24	2II	5.83	6.8	4.15	6.67	M	21
24	CI	6.54	8.42	5.77	8.33	M	21
24	1PMI	6.56	7.33	5.29	7.09	M	21
24	2PMI	7.2	8.35	4.97	7.78	M	21
24	1MI	10.96	10.51	9.29	9.36	M	21
24	2MI	10.14	9.62	9.08	9.7	M	21
24	1IS	8.25	7.06	6.48	6.67	M	21
24	2IS	6.51	6.6	4.89	5.89	M	21
24	CS	8.45	9.44	6.45	9.22	M	21
24	1PMS	6.39	8.9	4.99	8.64	M	21
24	2PMS	6.36	8.68	4.64	8.52	M	21
24	1MS	10.08	11.7	7.87	11.26	M	21
24	2MS	7.74	11.5	6.99	11.27	M	21
25	1II	5.54	6.27	4.29	5.7	F	19
25	2II	6.38	6.35	4.73	6.02	F	19
25	CI	6.67	7.35	4.86	6.98	F	19
25	1PMI	6.71	7.19	4.53	6.25	F	19
25	2PMI	6.87	8.04	4.96	7.49	F	19
25	1MI	11.91	11.09	10.55	9.69	F	19
25	2MI	10.99	10.8	9.5	9.92	F	19
25	1IS	8.55	7.21	7.09	6.54	F	19
25	2IS	7.57	6.16	6.26	5.75	F	19
25	CS	8	7.81	5.78	7.8	F	19
25	1PMS	6.62	8.67	4.58	7.91	F	19
25	2PMS	6.58	8.85	4.58	8.31	F	19
25	1MS	11	12.55	8.58	11.31	F	19
25	2MS	9.36	12.2	7.97	10.84	F	19
26	1II	4.93	5.54	3.39	5	F	19
26	2II	5.5	6.04	3.89	5.87	F	19
26	CI	6.28	6.97	4.72	6.77	F	19
26	1PMI	5.89	6.88	4.37	6.01	F	19
26	2PMI	6.44	7.48	5.27	7.09	F	19
26	1MI	10.12	9.92	8.53	9.19	F	19
26	2MI	10.78	9.6	9.29	9.14	F	19
26	1IS	7.69	7.09	5.44	6.47	F	19
26	2IS	6.54	6.07	4.64	5.34	F	19
26	CS	7.28	7.62	5.15	7.07	F	19
26	1PMS	5.98	8.3	4.51	7.64	F	19
26	2PMS	6.1	8.38	4.33	7.98	F	19
26	1MS	10.03	10.64	8.03	10.3	F	19
26	2MS	9.65	10.25	7.79	10.1	F	19
27	1II	5.07	5.54	3.51	4.99	F	12
27	2II	5.44	6.15	3.89	5.76	F	12
27	CI	6.47	NA	5.45	7.1	F	12
27	1PMI	6.54	7.27	4.57	6.65	F	12
27	2PMI	6.69	7.8	5.1	7.4	F	12
27	1MI	10.35	10.17	8.34	9.17	F	12
27	2MI	10.29	9.58	9.44	9.07	F	12
27	1IS	7.97	6.91	5.53	5.75	F	12
27	2IS	5.73	6.24	4.23	5.99	F	12
27	CS	7.52	7.75	5.12	6.77	F	12
27	1PMS	6.5	9.01	4.51	8.16	F	12
27	2PMS	6.14	8.73	4.03	7.81	F	12
27	1MS	9.9	10.72	7.58	10.2	F	12
27	2MS	9.85	10.73	7.57	10.19	F	12
28	1II	4.52	6.2	3.42	5.95	M	12
28	2II	5.41	6.34	4.25	6.23	M	12
28	CI	6.47	8.05	5.6	8.04	M	12
28	1PMI	6.69	8.45	5.43	7.48	M	12
28	2PMI	6.89	8.63	6.04	7.71	M	12
28	1MI	10.69	10.59	9.6	10.3	M	12
28	2MI	11.29	10.52	9.6	10.25	M	12
28	1IS	7.19	7.62	6.34	6.69	M	12
28	2IS	5.96	7.06	4.33	7.44	M	12
28	CS	6.57	8.12	5.32	7.86	M	12
28	1PMS	6.67	9.36	5.59	8.75	M	12
28	2PMS	6.2	9.29	4.9	9.01	M	12
28	1MS	10.2	11.85	9.1	11.66	M	12
28	2MS	10.28	12.57	9.2	12.65	M	12
29	1II	NA	NA	NA	NA	F	17
29	2II	4.92	5.77	3.25	5.25	F	17
29	CI	6.24	6.75	4.67	6.69	F	17
29	1PMI	7.1	7.16	4.78	6.24	F	17
29	2PMI	7.69	8.12	5.02	6.5	F	17
29	1MI	11.07	10.06	8.53	8.03	F	17
29	2MI	11.88	10.64	NA	NA	F	17
29	1IS	8.01	6.9	5.65	5.77	F	17
29	2IS	5.92	5.77	3.99	5.75	F	17
29	CS	7.19	7.98	4.99	6.98	F	17
29	1PMS	7.03	8.84	4.97	7.51	F	17
29	2PMS	6.78	8.68	4.76	7.39	F	17
29	1MS	9.59	10.81	6.83	10.4	F	17
29	2MS	9.84	11.01	6.99	10.32	F	17
30	1II	5.02	5.84	3.44	5.35	M	32
30	2II	5.56	6.15	4.07	5.94	M	32
30	CI	7.2	7.85	6.59	7.66	M	32
30	1PMI	6.58	7.77	5.06	6.99	M	32
30	2PMI	7.36	8.91	5.17	8.18	M	32
30	1MI	11.4	10.81	10.2	9.53	M	32
30	2MI	11.14	10.74	9.36	10.12	M	32
30	1IS	8.54	7.56	6.37	6.54	M	32
30	2IS	6.85	6.67	5.3	6.1	M	32
30	CS	8.35	9.07	6.68	8.49	M	32
30	1PMS	6.7	9.17	5.42	8.41	M	32
30	2PMS	6.69	9.43	5.05	8.98	M	32
30	1MS	10.26	11.71	8.06	11.79	M	32
30	2MS	10.18	12.42	8.32	12.67	M	32
31	1II	5.38	5.48	3.07	5.35	F	16
31	2II	6.24	6.18	3.68	5.84	F	16
31	CI	6.55	7.29	4.69	6.28	F	16
31	1PMI	6.69	7.49	4.78	6.36	F	16
31	2PMI	7.24	7.69	5.08	6.77	F	16
31	1MI	10.91	10.33	8.5	8.61	F	16
31	2MI	9.94	9.16	8.67	9.39	F	16
31	1IS	8.92	7.59	6.39	6.25	F	16
31	2IS	7.54	6.25	4.67	6.23	F	16
31	CS	7.71	8.34	5.1	7.42	F	16
31	1PMS	7.12	8.77	4.94	8.12	F	16
31	2PMS	7.22	9.12	4.62	7.45	F	16
31	1MS	10.14	10.88	7.69	10.65	F	16
31	2MS	8.7	10.21	7.28	10.47	F	16
32	1II	5.19	5.3	3.29	5.02	M	16
32	2II	5.6	5.83	3.4	5.79	M	16
32	CI	7.2	7.09	5.31	7	M	16
32	1PMI	6.4	7.13	4.14	5.96	M	16
32	2PMI	6.51	7.34	4.58	6.69	M	16
32	1MI	10.53	9.23	7.67	8.51	M	16
32	2MI	10.01	8.89	7.9	7.97	M	16
32	1IS	7.12	6.12	5.56	5.73	M	16
32	2IS	6.18	5.88	4.5	5.75	M	16
32	CS	6.28	6.95	4.55	6.76	M	16
32	1PMS	6.5	8.6	4.4	7.64	M	16
32	2PMS	6.05	8.64	4.13	7.94	M	16
32	1MS	9.35	10.2	8.09	9.6	M	16
32	2MS	8.54	9.42	6.84	8.95	M	16
33	1II	5.42	5.82	4.03	5.67	M	28
33	2II	5.9	6.79	3.92	6.6	M	28
33	CI	6.78	7.83	5.4	7.8	M	28
33	1PMI	6.59	7.85	4.73	6.88	M	28
33	2PMI	6.77	8.83	5.43	8.32	M	28
33	1MI	10.68	9.99	9.38	8.51	M	28
33	2MI	10.5	10.16	9.73	9.46	M	28
33	1IS	8.31	7.18	7.21	6.7	M	28
33	2IS	6.6	5.98	5.15	5.6	M	28
33	CS	7.54	8.53	6.28	8.09	M	28
33	1PMS	6.46	8.84	4.68	8.18	M	28
33	2PMS	6.38	9.58	5.07	8.79	M	28
33	1MS	9.95	10.99	7.92	10.49	M	28
33	2MS	8.69	11.37	8.1	11.07	M	28
34	1II	5.59	5.89	3.12	4.63	F	27
34	2II	6.25	6.42	3.49	6.06	F	27
34	CI	6.46	7.83	5.35	7.69	F	27
34	1PMI	6.69	7.91	5.21	7.29	F	27
34	2PMI	6.75	8.31	5.09	7.38	F	27
34	1MI	11.39	10.51	9.38	9.39	F	27
34	2MI	11.04	10.34	9.7	9.9	F	27
34	1IS	9.25	7.41	7.05	6.38	F	27
34	2IS	6.45	6.33	4.84	5.28	F	27
34	CS	7.63	7.75	5.64	7.8	F	27
34	1PMS	6.58	8.86	5.22	7.88	F	27
34	2PMS	6.49	9.52	4.73	9.25	F	27
34	1MS	9.75	11.52	7.65	10.9	F	27
34	2MS	9.8	10.89	7.87	12.1	F	27
35	1II	4.87	5.44	3.58	5.41	M	14
35	2II	5.16	5.99	3.88	5.9	M	14
35	CI	6.29	7.06	5.5	7.16	M	14
35	1PMI	6.3	6.58	4.61	6.08	M	14
35	2PMI	6.38	7.94	4.9	6.99	M	14
35	1MI	10.31	9.51	8.16	9.08	M	14
35	2MI	9.56	9.35	9.31	9.41	M	14
35	1IS	7.74	6.85	6.2	6.23	M	14
35	2IS	6.11	6.05	5.1	5.64	M	14
35	CS	6.98	7.75	5.27	7.48	M	14
35	1PMS	6.2	8.55	4.83	7.6	M	14
35	2PMS	5.85	9.14	4.3	8.53	M	14
35	1MS	9.28	11.13	7.47	10.78	M	14
35	2MS	9.13	10.5	7.88	10.64	M	14
36	1II	5.6	6.06	3.83	5.62	M	23
36	2II	6.26	6.7	4.47	6.59	M	23
36	CI	6.76	8.1	5.86	8.08	M	23
36	1PMI	6.7	7.76	5.27	6.89	M	23
36	2PMI	7.26	8.21	5.39	7.27	M	23
36	1MI	11.46	10.25	9.94	9.64	M	23
36	2MI	11.66	10.36	9.51	9.69	M	23
36	1IS	8.93	7.65	7.4	6.85	M	23
36	2IS	7.59	6.39	6.26	6	M	23
36	CS	7.55	6.75	5.86	8.95	M	23
36	1PMS	7.22	9.32	5.11	8.77	M	23
36	2PMS	6.87	9.86	4.85	9.58	M	23
36	1MS	10.96	11.75	11.24	11.2	M	23
36	2MS	10.06	11.36	8.69	10.01	M	23
37	1II	5.1	5.68	3.02	5.29	M	12
37	2II	5.69	5.92	3.75	5.9	M	12
37	CI	6.59	7.86	6	7.69	M	12
37	1PMI	6.32	7.12	4.52	6.79	M	12
37	2PMI	6.26	7.07	4.44	6.53	M	12
37	1MI	11.35	9.89	10.28	9.44	M	12
37	2MI	10.51	9.29	9.74	9.12	M	12
37	1IS	8.5	7.02	6.42	6.21	M	12
37	2IS	6.11	6.6	3.92	6.15	M	12
37	CS	7.5	7.79	6.13	7.75	M	12
37	1PMS	6.42	8.66	5.33	7.94	M	12
37	2PMS	5.81	8.35	5.81	8.16	M	12
37	1MS	9.8	10.61	8.16	10.57	M	12
37	2MS	10	10.94	9.31	10.96	M	12
38	1II	5	6.19	3.44	5.57	M	29
38	2II	5.52	6.15	3.88	5.77	M	29
38	CI	6.36	7.78	5.73	7.29	M	29
38	1PMI	6.93	7.45	4.85	6.66	M	29
38	2PMI	7.14	8.02	5.09	7.04	M	29
38	1MI	10.47	10.42	8.95	9.85	M	29
38	2MI	10.85	10.42	10.11	9.5	M	29
38	1IS	7.99	7.61	6.03	6.41	M	29
38	2IS	5.65	6.26	4.52	5.53	M	29
38	CS	7.49	8.14	5.89	7	M	29
38	1PMS	6.78	8.87	4.81	8.01	M	29
38	2PMS	6.81	9.23	4.87	8.4	M	29
38	1MS	9.92	11.5	8.25	10.95	M	29
38	2MS	9.3	12.11	6.67	11.84	M	29
39	1II	5.34	5.47	3.42	5.41	M	27
39	2II	5.65	5.66	3.63	5.62	M	27
39	CI	6.37	7.31	5.13	6.82	M	27
39	1PMI	6.55	7.3	4.55	6.41	M	27
39	2PMI	7.4	8.12	5.02	7.3	M	27
39	1MI	11.1	10.97	9.21	9.65	M	27
39	2MI	11	10.2	9.07	9.31	M	27
39	1IS	7.79	6.66	6.97	6.34	M	27
39	2IS	6.28	5.9	4.4	5.68	M	27
39	CS	7.31	7.58	6.08	7.31	M	27
39	1PMS	6.7	8.96	4.73	7.83	M	27
39	2PMS	6.8	9.72	4.84	8.89	M	27
39	1MS	10.49	11.71	7.78	10.91	M	27
39	2MS	9.63	11.78	7.87	11.55	M	27
40	1II	4.68	6.3	3.56	5.71	F	17
40	2II	5.61	6.7	3.94	5.75	F	17
40	CI	5.91	7.3	5.31	7.04	F	17
40	1PMI	6.71	7.35	4.79	6.23	F	17
40	2PMI	7.46	7.89	5.68	6.8	F	17
40	1MI	10.88	10.08	9.22	8.81	F	17
40	2MI	10.5	9.75	9.79	9.06	F	17
40	1IS	8.6	7.73	5.89	6.47	F	17
40	2IS	6.31	6.53	4.6	5.7	F	17
40	CS	7.48	8.1	5.57	6.9	F	17
40	1PMS	7.02	8.91	5.11	7.57	F	17
40	2PMS	6.62	9.54	5	8.5	F	17
40	1MS	10.16	10.94	7.47	10.46	F	17
40	2MS	8.56	9.99	7.6	9.6	F	17
41	1II	5.28	5.4	3.47	5.46	M	28
41	2II	5.69	5.88	4.11	5.76	M	28
41	CI	6.27	7.25	5.15	6.21	M	28
41	1PMI	6.31	6.8	4.92	6.12	M	28
41	2PMI	6.65	8.02	5.39	7.29	M	28
41	1MI	11.21	10.19	8.97	9.05	M	28
41	2MI	10.6	10.2	8.33	8.9	M	28
41	1IS	8.58	6.9	6.91	6	M	28
41	2IS	5.66	6.09	4.45	5.58	M	28
41	CS	7.38	7.7	5.73	8.05	M	28
41	1PMS	6.26	7.87	4.62	7.18	M	28
41	2PMS	6.8	9.64	4.98	8.84	M	28
41	1MS	10.52	11.45	8.13	10.62	M	28
41	2MS	8.37	11.07	7.22	10.69	M	28
42	1II	5.44	5.85	3.62	6.19	M	25
42	2II	5.69	6.2	3.69	6.31	M	25
42	CI	6.71	7.7	5.77	7.72	M	25
42	1PMI	6.76	7.54	5.05	7.05	M	25
42	2PMI	6.51	7.59	4.89	6.82	M	25
42	1MI	10.69	9.66	8.52	9.3	M	25
42	2MI	10.29	9.55	9.02	9.2	M	25
42	1IS	8.4	7.32	6.43	6.47	M	25
42	2IS	5.97	6.29	4.41	6.11	M	25
42	CS	7.59	8.41	6.13	8.29	M	25
42	1PMS	6.6	8.23	4.65	7.79	M	25
42	2PMS	NA	NA	NA	NA	M	25
42	1MS	9.68	10.72	8.12	10.46	M	25
42	2MS	9.31	10.64	7.98	10.58	M	25
43	1II	5.19	5.96	3.63	5.4	F	13
43	2II	5.35	6.12	3.82	5.33	F	13
43	CI	6.51	7.43	5.3	7.2	F	13
43	1PMI	6.4	7.89	5.18	6.78	F	13
43	2PMI	6.93	8.67	6.09	7.64	F	13
43	1MI	10.25	10.16	9.64	9.9	F	13
43	2MI	10.54	9.93	9.86	10.15	F	13
43	1IS	8.24	7.16	6.52	6.58	F	13
43	2IS	6.75	6.69	5.22	6.52	F	13
43	CS	7.4	8.2	5.88	7.6	F	13
43	1PMS	6.17	9.01	4.75	8.21	F	13
43	2PMS	6.31	9.86	4.57	9.14	F	13
43	1MS	9.98	11.49	8.39	11.3	F	13
43	2MS	9.56	11.39	8.59	11.4	F	13
44	1II	5.3	6.16	3.25	5.74	F	26
44	2II	6.6	6.6	3.66	6.4	F	26
44	CI	6.55	7.83	5.28	7.7	F	26
44	1PMI	7.03	8.14	5.07	7.36	F	26
44	2PMI	7.16	8.61	5.14	8.15	F	26
44	1MI	10.99	10.3	9.8	9.64	F	26
44	2MI	10.83	10.16	9.85	9.78	F	26
44	1IS	8.99	7.77	6.52	7.02	F	26
44	2IS	7.22	6.82	4.95	6.53	F	26
44	CS	7.54	8.55	5.83	8.06	F	26
44	1PMS	7.3	9.94	5.29	9.29	F	26
44	2PMS	6.55	9.52	4.83	9.1	F	26
44	1MS	10.33	10.8	7.79	11	F	26
44	2MS	9.23	10.8	8	11.02	F	26
45	1II	4.9	5.41	3.3	5.58	M	37
45	2II	5.7	6.06	3.94	5.62	M	37
45	CI	6.71	7.89	5.19	7.77	M	37
45	1PMI	6.49	7.36	5.24	6.55	M	37
45	2PMI	7	8.5	5.1	7.74	M	37
45	1MI	11.3	10.46	9.42	9.41	M	37
45	2MI	9.88	10.4	9.48	10.2	M	37
45	1IS	8.91	7.2	6.71	6.55	M	37
45	2IS	6.09	6.25	4.87	5.71	M	37
45	CS	7.54	8.49	5.62	8.11	M	37
45	1PMS	6.63	9.15	5.16	8.21	M	37
45	2PMS	6.2	9.38	4.91	9.28	M	37
45	1MS	10.13	11.22	8.42	10.75	M	37
45	2MS	9.62	11.14	8.68	10.37	M	37
46	1II	4.96	5.2	3.06	4.79	F	18
46	2II	5.51	5.58	3.42	3.5	F	18
46	CI	6.42	6.89	4.72	6.86	F	18
46	1PMI	6.5	6.08	4.26	6.22	F	18
46	2PMI	6.29	7.59	4.8	6.95	F	18
46	1MI	10.77	10.02	8.14	9.86	F	18
46	2MI	9.62	8.66	8.5	8.57	F	18
46	1IS	8.23	6.32	6.12	5.47	F	18
46	2IS	6.57	5.43	4.21	5.09	F	18
46	CS	7.09	7.69	5.28	7.1	F	18
46	1PMS	6.54	7.82	4.34	7.2	F	18
46	2PMS	5.86	8.21	4.4	7.74	F	18
46	1MS	10.25	11.05	8.08	10.44	F	18
46	2MS	8.27	10.08	6.51	10.06	F	18
47	1II	5.43	5.55	3.49	5.16	M	40
47	2II	6.2	6.14	3.9	6.19	M	40
47	CI	7.38	7.93	5.38	7.63	M	40
47	1PMI	6.72	7.38	4.73	6.25	M	40
47	2PMI	6.99	7.87	4.62	6.96	M	40
47	1MI	11.08	10.22	8.42	8.83	M	40
47	2MI	10.36	10.42	8.83	8.98	M	40
47	1IS	8.16	7.07	6.13	6.28	M	40
47	2IS	6.35	6.05	4.31	5.34	M	40
47	CS	8.09	9	6.04	8.5	M	40
47	1PMS	6.46	8.08	4.8	7.24	M	40
47	2PMS	6.23	9.06	4.28	7.5	M	40
47	1MS	9.92	10.93	7.55	10.11	M	40
47	2MS	10.01	11.1	7.38	10.7	M	40
48	1II	5.2	5.88	3.55	5.42	F	27
48	2II	5.75	5.93	3.72	5.89	F	27
48	CI	6.07	6.59	4.81	6.48	F	27
48	1PMI	5.95	7.2	4.94	6.52	F	27
48	2PMI	6.32	7.84	5.1	7.12	F	27
48	1MI	10.46	10.11	8.94	9.38	F	27
48	2MI	10.43	9.57	8.88	9.19	F	27
48	1IS	8.54	6.98	6.46	6.91	F	27
48	2IS	5.92	6.28	4.61	6.05	F	27
48	CS	7.2	7.68	5.23	7.5	F	27
48	1PMS	5.95	8.02	4.81	7.75	F	27
48	2PMS	5.87	8.68	4.51	7.72	F	27
48	1MS	10.01	10.62	7.22	10.55	F	27
48	2MS	10.06	10.41	7.53	10.25	F	27
49	1II	5.2	5.38	3.38	5.13	M	12
49	2II	5.87	5.9	4.06	5.79	M	12
49	CI	6.83	7.48	5.54	5.35	M	12
49	1PMI	6.72	7.42	4.73	6.83	M	12
49	2PMI	7.01	7.75	4.78	7.07	M	12
49	1MI	10.46	9.78	8.81	9.48	M	12
49	2MI	10.42	9.5	9.45	9.39	M	12
49	1IS	8.12	6.62	5.76	6.03	M	12
49	2IS	6.6	5.81	4.62	5.77	M	12
49	CS	7.72	8.25	5.48	8.16	M	12
49	1PMS	7.1	9.2	4.71	8.35	M	12
49	2PMS	6.7	8.72	4.75	8.2	M	12
49	1MS	9.85	11.13	8.19	11.02	M	12
49	2MS	8.99	10.92	8.97	10.78	M	12
50	1II	5.94	5.9	3.64	5.6	M	19
50	2II	6.53	6.05	4.21	5.96	M	19
50	CI	7.03	7.57	5.79	7.5	M	19
50	1PMI	6.95	7.31	5.11	6.63	M	19
50	2PMI	6.98	8.02	4.58	7.14	M	19
50	1MI	10.98	10.11	9.08	9.4	M	19
50	2MI	10.16	9.75	8.53	9.4	M	19
50	1IS	9.86	6.92	6.74	5.83	M	19
50	2IS	5.92	6.36	4.99	5.75	M	19
50	CS	8.06	7.6	5.83	7.74	M	19
50	1PMS	6.7	8.69	5.15	8.18	M	19
50	2PMS	6.7	8.72	4.75	8.2	M	19
50	1MS	10.38	11.2	7.85	11.1	M	19
50	2MS	8.6	10.89	7.57	10.57	M	19
51	1II	5.06	6.33	3.35	5.96	M	38
51	2II	5.94	6.77	6.7	6.5	M	38
51	CI	6.95	8.45	5.55	7.99	M	38
51	1PMI	6.91	7.65	5.01	6.91	M	38
51	2PMI	7.64	7.81	5.21	7.05	M	38
51	1MI	12	10.8	10.12	9.75	M	38
51	2MI	11.85	10.6	10.27	10.5	M	38
51	1IS	8.39	7.57	6.71	7	M	38
51	2IS	7.23	6.55	5.58	6.24	M	38
51	CS	7.82	8.3	5.94	8.09	M	38
51	1PMS	6.85	8.92	4.75	7.9	M	38
51	2PMS	6.46	9.3	4.89	8.56	M	38
51	1MS	10.33	11.21	8.58	10.74	M	38
51	2MS	9.64	11.36	9.33	10.81	M	38
52	1II	5.39	5.45	3.59	5.14	F	15
52	2II	5.5	5.75	3.35	5.58	F	15
52	CI	6.21	7.11	5	6.9	F	15
52	1PMI	6.05	7.3	4.86	6.61	F	15
52	2PMI	7.05	7.93	5.2	7.29	F	15
52	1MI	10.2	9.51	8.25	8.75	F	15
52	2MI	10.26	9.45	8.75	9.02	F	15
52	1IS	8.19	6.88	6.14	6.28	F	15
52	2IS	6.08	6	4.44	5.66	F	15
52	CS	6.99	7.76	5.19	7.33	F	15
52	1PMS	6.58	8.56	4.39	7.9	F	15
52	2PMS	6.61	8.78	4.36	7.67	F	15
52	1MS	9.71	10.44	7.59	10.14	F	15
52	2MS	8.69	11.18	8.2	11.35	F	15
53	1II	5.09	6.1	3.2	5.09	F	28
53	2II	5.89	6.36	3.72	5.92	F	28
53	CI	6.66	7.47	4.67	6.8	F	28
53	1PMI	6.89	7.67	4.66	6.46	F	28
53	2PMI	6.52	7.73	4.77	6.9	F	28
53	1MI	11.77	10.52	9.19	8.95	F	28
53	2MI	10.72	10.61	9.49	9.53	F	28
53	1IS	7.97	7.09	5.72	6.15	F	28
53	2IS	7.03	6.26	4.57	5.36	F	28
53	CS	6.69	7.55	4.95	6.79	F	28
53	1PMS	6.5	9.01	4.33	7.53	F	28
53	2PMS	6.28	8.99	4.35	7.89	F	28
53	1MS	10.28	11.1	7.7	10.38	F	28
53	2MS	10.95	11.63	9.16	11.16	F	28
54	1II	5.55	5.73	3.36	5.4	M	31
54	2II	5.88	5.85	3.58	5.33	M	31
54	CI	6.65	7.54	5.29	7.36	M	31
54	1PMI	6.79	7.25	4.83	6.58	M	31
54	2PMI	7.26	8.13	5.14	7.15	M	31
54	1MI	11.29	10.62	9.18	9.78	M	31
54	2MI	10.72	10.15	9.19	9.42	M	31
54	1IS	8.35	7.22	6.14	6.25	M	31
54	2IS	6.03	6.15	4.26	5.57	M	31
54	CS	7.43	7.67	5.32	7.35	M	31
54	1PMS	6.55	8.59	4.71	7.56	M	31
54	2PMS	6.54	9.25	4.92	8.51	M	31
54	1MS	10.61	11.37	8.14	11.09	M	31
54	2MS	9.75	11.39	7.16	10.81	M	31
55	1II	5.39	5.59	3.2	5.35	F	26
55	2II	5.73	6.4	3.25	5.83	F	26
55	CI	6.16	7.12	4.79	6.95	F	26
55	1PMI	6.38	6.69	4.75	6.09	F	26
55	2PMI	6.4	7.65	4.57	6.54	F	26
55	1MI	10.26	10.1	8.33	9.14	F	26
55	2MI	9.92	9.49	8.45	8.97	F	26
55	1IS	8.23	7.13	5.6	6.01	F	26
55	2IS	5.28	6.51	3.92	5.75	F	26
55	CS	7.11	7.49	5.01	6.95	F	26
55	1PMS	6.05	8.33	4.5	7.68	F	26
55	2PMS	6.2	8.46	4.39	7.81	F	26
55	1MS	9.94	10.32	7.26	9.92	F	26
55	2MS	9.1	10.3	7.12	10.08	F	26
56	1II	5.33	5.5	3.27	4.93	F	16
56	2II	5.84	5.64	3.62	5.27	F	16
56	CI	6.25	6.88	4.72	6.7	F	16
56	1PMI	6.62	7.2	4.9	6.42	F	16
56	2PMI	6.89	7.85	5.15	7.47	F	16
56	1MI	11.4	10.03	10	9.05	F	16
56	2MI	9.92	9.63	8.68	9.2	F	16
56	1IS	8.7	6.82	5.8	5.5	F	16
56	2IS	7.27	6.22	4.8	5.7	F	16
56	CS	7.4	7.97	4.66	7.22	F	16
56	1PMS	7.08	8.79	5.03	8.26	F	16
56	2PMS	6.34	8.78	4.43	8.09	F	16
56	1MS	9.96	10.81	7.2	9.9	F	16
56	2MS	8.46	10.86	6.99	9.88	F	16
57	1II	5.1	6.12	3.78	5.38	M	23
57	2II	NA	NA	NA	NA	M	23
57	CI	6.37	7.74	5.31	7.69	M	23
57	1PMI	6.9	7.96	5.02	6.67	M	23
57	2PMI	NA	NA	NA	NA	M	23
57	1MI	10.8	9.75	9.3	9.3	M	23
57	2MI	10.05	9.85	8.91	9.52	M	23
57	1IS	7.97	7.48	5.96	6.52	M	23
57	2IS	6.72	6.1	4.93	5.51	M	23
57	CS	7.15	8.28	6.17	7.73	M	23
57	1PMS	6.91	8.97	5	7.94	M	23
57	2PMS	6.72	9.43	4.86	8.73	M	23
57	1MS	9.8	11.28	7.59	10.9	M	23
57	2MS	9.5	11.73	8.22	11.4	M	23
58	1II	5.66	6.37	4.06	6.15	M	21
58	2II	6.24	6.83	4.16	6.55	M	21
58	CI	7.54	8.69	6.42	8.9	M	21
58	1PMI	7.57	8.01	5.85	7.8	M	21
58	2PMI	7.34	8.38	5.68	7.88	M	21
58	1MI	11.63	10.72	10.18	10	M	21
58	2MI	11.73	10.18	10.58	10.2	M	21
58	1IS	9.04	8.2	7.14	7.38	M	21
58	2IS	7.62	6.36	5.57	7.45	M	21
58	CS	8.31	9.3	6.89	9.21	M	21
58	1PMS	7.51	9.97	5.44	8.89	M	21
58	2PMS	6.42	9.62	5.35	9.06	M	21
58	1MS	10.99	11.64	8.9	11.8	M	21
58	2MS	11.4	11.84	9.75	11.8	M	21
59	1II	5.52	5.8	3.47	5.31	M	18
59	2II	6.15	6.6	4.06	6.09	M	18
59	CI	6.4	6.99	4.74	6.9	M	18
59	1PMI	7.06	7.35	4.87	6.32	M	18
59	2PMI	7.21	8.29	5.09	7.53	M	18
59	1MI	11.37	10.52	8.76	9.03	M	18
59	2MI	10.97	9.51	8.46	9.25	M	18
59	1IS	8.45	7.91	6.66	6.12	M	18
59	2IS	6.13	6.58	4.24	5.72	M	18
59	CS	7.5	7.72	5.28	7.21	M	18
59	1PMS	7.07	8.88	4.64	7.34	M	18
59	2PMS	6.3	9.21	4.45	8.08	M	18
59	1MS	10.64	11.26	7.75	10.69	M	18
59	2MS	9.12	11.4	8.53	10.22	M	18
60	1II	5.07	5.52	3.66	4.94	F	19
60	2II	5.6	6.27	3.84	6.15	F	19
60	CI	6.18	7.17	4.81	6.7	F	19
60	1PMI	6.48	7.46	4.9	6.27	F	19
60	2PMI	6.45	7.7	4.67	6.03	F	19
60	1MI	9.99	9.18	7.99	8.25	F	19
60	2MI	9.98	9.16	8.13	8.44	F	19
60	1IS	7.77	6.89	6.16	6.58	F	19
60	2IS	5.46	5.98	4.22	5.55	F	19
60	CS	6.75	7.8	5.16	6.81	F	19
60	1PMS	6.24	8.35	5.17	7.29	F	19
60	2PMS	6.52	8.84	4.59	8.17	F	19
60	1MS	9.1	9.95	7	9.41	F	19
60	2MS	9.01	10.14	7.28	9.7	F	19
61	1II	4.98	5.68	3.13	5.63	M	25
61	2II	5.26	6.04	3.61	5.76	M	25
61	CI	6.39	7.42	5.21	7.16	M	25
61	1PMI	6.69	8.12	5.47	7	M	25
61	2PMI	6.93	8.5	4.98	7.2	M	25
61	1MI	10.5	9.86	8.43	8.98	M	25
61	2MI	9.86	9.85	8.87	9.53	M	25
61	1IS	7.8	7.43	5.9	6.7	M	25
61	2IS	6.07	6.4	4.59	6.17	M	25
61	CS	7.35	8.31	5.93	8.13	M	25
61	1PMS	6.75	9.73	5.26	8.33	M	25
61	2PMS	6.37	9.54	4.69	8.79	M	25
61	1MS	9.21	11.34	7.7	11.19	M	25
61	2MS	9.46	11.33	7.68	10.89	M	25
62	1II	5.09	6.13	3.41	5.71	M	20
62	2II	6.05	6.45	4.08	6.32	M	20
62	CI	6.58	8.45	6.06	8.39	M	20
62	1PMI	6.6	7.61	5.5	6.89	M	20
62	2PMI	7.24	7.85	5.46	7.2	M	20
62	1MI	11.01	10.23	9.06	9.94	M	20
62	2MI	10.74	9.53	9.64	9.79	M	20
62	1IS	8.3	7.78	6.35	7.5	M	20
62	2IS	6.49	7.94	4.65	7.76	M	20
62	CS	7.85	9.31	6.21	9.03	M	20
62	1PMS	6.97	8.92	5.48	8.07	M	20
62	1PMS	NA	NA	NA	NA	M	20
62	1MS	10.54	11.67	8.36	11.6	M	20
62	2MS	10.1	11.27	8.11	11.7	M	20
63	1II	5.49	5.71	3.41	5.71	M	15
63	2II	6.62	6.03	4.05	5.87	M	15
63	CI	7.12	7.97	5.39	7.85	M	15
63	1PMI	6.78	7.85	4.46	7.1	M	15
63	2PMI	6.87	8.61	5.1	7.5	M	15
63	1MI	11.53	10.62	9.84	9.64	M	15
63	2MI	10.83	10	10.08	9.9	M	15
63	1IS	8.79	7.16	6.62	6.56	M	15
63	2IS	7.09	6.02	4.89	5.84	M	15
63	CS	7.93	8.21	6.06	8.07	M	15
63	1PMS	6.35	9.1	4.85	7.95	M	15
63	2PMS	6.51	9.48	5.05	8.7	M	15
63	1MS	10.21	11.49	8.09	10.89	M	15
63	2MS	9.2	10.82	7.12	10.95	M	15
64	1II	4.51	5.99	3.28	5.85	M	44
64	2II	5.76	6.49	4.01	6.15	M	44
64	CI	6.78	8.17	6.03	8.1	M	44
64	1PMI	6.93	7.52	5.78	6.64	M	44
64	2PMI	6.74	8.52	5.58	7.75	M	44
64	1MI	12.4	11.05	10.3	10.48	M	44
64	2MI	12.62	10.7	10.89	10.5	M	44
64	1IS	8.29	7.07	6.32	6.17	M	44
64	2IS	6.18	6.31	4.94	5.95	M	44
64	CS	7.99	8.81	6.68	8.26	M	44
64	1PMS	6.68	8.69	4.8	8.14	M	44
64	2PMS	6.65	9.19	5.06	8.79	M	44
64	1MS	11.01	11.54	8.8	11.54	M	44
64	2MS	9.72	12.35	8.95	12.12	M	44
65	1II	5.82	6.5	4.11	6.45	M	30
65	2II	6.24	6.41	4.56	6.4	M	30
65	CI	7.12	8.35	5.67	8.24	M	30
65	1PMI	7.56	8.41	5.55	7.57	M	30
65	2PMI	7.32	8.95	5.9	8.05	M	30
65	1MI	11.21	11.26	9.41	10.26	M	30
65	2MI	11.67	10.52	10	10.09	M	30
65	1IS	9.4	7.9	6.92	7.52	M	30
65	2IS	6.43	7.21	4.97	6.29	M	30
65	CS	7.95	9.26	6.38	8.69	M	30
65	1PMS	7.09	9.7	5.17	8.69	M	30
65	2PMS	6.93	10.53	4.91	9.64	M	30
65	1MS	10.69	12.08	7.94	11.59	M	30
65	2MS	9.58	13.47	8.14	12.91	M	30
66	1II	5.01	5.6	3.39	5.55	M	27
66	2II	5.9	6.16	4.25	6.13	M	27
66	CI	5.92	7.52	5.18	7.51	M	27
66	1PMI	5.55	6.45	4.52	6.01	M	27
66	2PMI	6.71	7.86	4.96	7.12	M	27
66	1MI	11.2	9.85	9.09	8.52	M	27
66	2MI	10.22	9.7	9.5	9.62	M	27
66	1IS	8.26	7.09	6.45	6.51	M	27
66	2IS	6.71	5.75	5.18	5.31	M	27
66	CS	7.46	8.14	5.88	7.69	M	27
66	1PMS	6.19	8.29	4.5	7.69	M	27
66	2PMS	5.96	8.68	4.61	7.96	M	27
66	1MS	10.41	10.88	7.99	10.36	M	27
66	2MS	8.02	10.44	7.69	10.77	M	27
67	1II	5.58	5.76	3.62	5.52	M	24
67	2II	6.1	6.18	3.87	6.18	M	24
67	CI	7.32	8.1	5.45	8.18	M	24
67	1PMI	6.68	7.33	5.14	6.6	M	24
67	2PMI	7.18	7.84	5.39	7.76	M	24
67	1MI	11.17	10.84	9.51	9.88	M	24
67	2MI	10.82	9.94	9.67	9.89	M	24
67	1IS	9.24	7.18	6.5	6.4	M	24
67	2IS	7.11	6.27	5.53	6.1	M	24
67	CS	8.19	8.64	5.67	8.1	M	24
67	1PMS	6.89	9.2	4.8	8.69	M	24
67	2PMS	6.81	9.49	4.85	9.03	M	24
67	1MS	10.69	12	7.89	11.81	M	24
67	2MS	9.6	11.3	7.74	11.7	M	24
68	1II	5.33	5.83	3.6	5.3	M	57
68	2II	5.96	6.53	3.82	6.56	M	57
68	CI	6.81	7.96	5.61	7.82	M	57
68	1PMI	7.15	7.89	5.3	6.99	M	57
68	2PMI	7.2	8.8	5.35	7.59	M	57
68	1MI	11.47	10.36	9.69	10.26	M	57
68	2MI	11.25	10.58	8.99	9.49	M	57
68	1IS	7.82	7.31	6.27	6.8	M	57
68	2IS	6.43	6.2	4.95	5.77	M	57
68	CS	7.69	8.75	6.64	8.56	M	57
68	1PMS	7.21	9.69	5.32	8.56	M	57
68	2PMS	6.41	9.99	5.02	8.45	M	57
68	1MS	10.37	11.26	8.33	10.7	M	57
68	2MS	10.45	11.88	8.33	10.35	M	57
69	1II	5.46	6.15	3.71	6.09	M	24
69	2II	6	6.52	3.95	6.66	M	24
69	CI	6.97	8.17	5.82	8.28	M	24
69	1PMI	6.8	7.57	5.77	7.6	M	24
69	2PMI	7.03	8.3	5.49	7.8	M	24
69	1MI	11.84	11.25	9.71	9.83	M	24
69	2MI	NA	NA	NA	NA	M	24
69	1IS	8.91	7.8	6.77	7.57	M	24
69	2IS	7.55	7.26	5.61	6.67	M	24
69	CS	8.2	9.04	6.35	8.74	M	24
69	1PMS	6.79	9.47	5.32	8.87	M	24
69	2PMS	6.45	9.83	5.38	9.15	M	24
69	1MS	11.62	12.31	8.07	11.47	M	24
69	2MS	12.27	12.93	9.83	12.85	M	24
70	1II	NA	NA	NA	NA	M	47
70	2II	5.7	6	3.38	5.72	M	47
70	CI	6.57	7.56	4.82	7.36	M	47
70	1PMI	6.57	7.8	4.53	6.98	M	47
70	2PMI	7.26	8.5	5	7	M	47
70	1MI	10.12	11.23	8.85	9.4	M	47
70	2MI	10.6	10.51	9.16	8.79	M	47
70	1IS	6.02	7.28	5.84	6.79	M	47
70	2IS	6.7	6.8	4.85	5.77	M	47
70	CS	7.68	8.29	5.24	7.36	M	47
70	1PMS	6.73	8.99	4.66	7.26	M	47
70	2PMS	6.43	9.15	4.97	7.13	M	47
70	1MS	NA	NA	NA	NA	M	47
70	2MS	10.04	10.76	7.67	10.52	M	47
71	1II	5.02	5.51	3.62	5.08	F	24
71	2II	5.38	NA	4.16	6.15	F	24
71	CI	6.17	7.04	5.6	6.93	F	24
71	1PMI	6.4	6.55	5.5	6.27	F	24
71	2PMI	5.92	6.6	5.28	6.37	F	24
71	1MI	10.5	9	9.38	8.7	F	24
71	2MI	10.02	8.31	9.26	8.3	F	24
71	1IS	NA	6.77	6.6	6.42	F	24
71	2IS	6.27	5.85	4.75	6.04	F	24
71	CS	7.07	7.48	5.78	7.19	F	24
71	1PMS	6.2	8.31	4.77	7.67	F	24
71	2PMS	6.17	8.1	4.66	7.77	F	24
71	1MS	8.94	10.44	7.76	10.51	F	24
71	2MS	7.91	9.87	6.78	10.1	F	24
72	1II	4.67	5.88	4.19	5.46	F	47
72	2II	NA	NA	NA	NA	F	47
72	CI	6.32	7.95	5.2	NA	F	47
72	1PMI	6.63	7.37	4.98	6.46	F	47
72	2PMI	6.82	7.49	5.29	6.96	F	47
72	1MI	11.11	10.7	9.24	9.84	F	47
72	2MS	NA	NA	NA	NA	F	47
72	1IS	8.49	6.3	7.27	6.49	F	47
72	2IS	6.61	6.36	4.92	5.94	F	47
72	CS	7.28	8.1	5.78	7.79	F	47
72	1PMS	6.72	8.34	4.88	7.9	F	47
72	2PMS	6.48	9.16	4.74	8.42	F	47
72	1MS	10.41	11.2	8.21	11.2	F	47
72	2MS	9.9	11.05	8.04	10.5	F	47
73	1II	NA	NA	NA	NA	F	47
73	2II	5.51	5.94	4.04	6.01	F	47
73	CI	6.12	6.7	5.26	6.56	F	47
73	1PMI	6.11	6.23	4.68	6.13	F	47
73	2PMI	6.28	6.78	5.32	6.33	F	47
73	1MI	10.57	9.1	8.8	8.91	F	47
73	2MI	10.15	9.08	9.25	8.89	F	47
73	1IS	8.01	6.8	6.08	6.24	F	47
73	2IS	4.92	5.02	4.18	4.92	F	47
73	CS	6.93	7.36	5.36	7.05	F	47
73	1PMS	6.35	8.19	4.72	7.7	F	47
73	2PMS	NA	NA	NA	NA	F	47
73	1MS	9.39	10.66	7.66	10.58	F	13
73	2MS	9.69	10.55	8.16	10.7	F	13
74	1II	5.52	6.39	3.51	6.1	M	27
74	2II	6.17	6.65	3.86	6.16	M	27
74	CI	6.62	7.6	5.64	7.38	M	27
74	1PMI	5.9	7.46	4.67	6.7	M	27
74	2PMI	6.91	7.99	4.84	6.94	M	27
74	1MI	NA	NA	NA	NA	M	27
74	2MI	11.62	10.68	9.45	8.75	M	27
74	1IS	8.37	7.56	6.26	6.63	M	27
74	2IS	5.62	6.13	4.39	6.18	M	27
74	CS	7.52	8.39	6.01	7.85	M	27
74	1PMS	6.87	8.67	4.53	7	M	27
74	2PMS	6.54	8.71	4.36	7.4	M	27
74	1MS	NA	NA	NA	NA	M	27
74	2MS	9.93	12.4	7.5	11.8	M	27
75	1II	5.46	5.75	3.9	5.39	F	29
75	2II	6.28	5.94	3.99	5.74	F	29
75	CI	6.49	6.96	5.41	6.76	F	29
75	1PMI	7.66	7.42	5.12	6.82	F	29
75	2PMI	7.42	8.14	5.03	NA	F	29
75	1MI	11.26	10.72	8.77	8.91	F	29
75	2MI	10.62	10.9	9.39	9.3	F	29
75	1IS	8.1	6.77	5.66	5.7	F	29
75	2IS	6.42	4.62	6.36	5.41	F	29
75	CS	7.47	8.75	5.65	7.33	F	29
75	1PMS	7.18	9.12	4.71	7.62	F	29
75	2PMS	6.78	9.68	4.79	9.07	F	29
75	1MS	11.17	11.41	8.1	10.32	F	29
75	2MS	10.59	11.29	8.35	10.53	F	29
76	1II	5.59	5.75	3.56	5.7	M	73
76	2II	6.24	6.19	4.43	6.11	M	73
76	CI	6.93	7.53	5.26	7.43	M	73
76	1PMI	7.06	7.31	5.05	7.52	M	73
76	2PMI	7.45	8.08	5.58	7.55	M	73
76	1MI	11.45	10.3	9.32	8.65	M	73
76	1IS	9.14	7.32	6.91	7.58	M	73
76	2IS	7.84	7.15	5.57	6.42	M	73
76	CS	7.84	8.6	6.29	8.32	M	73
76	1PMS	6.77	8.68	5.22	7.96	M	73
76	2PMS	7.29	10.01	5.11	9.46	M	73
76	1MS	9.84	12.48	7.39	11.41	M	73
76	2MS	9.17	12.37	12.39	12.33	M	73
77	1II	NA	NA	NA	NA	F	30
77	2II	5.31	6.59	3.61	6.46	F	30
77	CI	6.8	7.4	4.83	7.43	F	30
77	1PMI	6.83	7.78	4.77	7.63	F	30
77	2PMI	NA	8.22	5.23	7.74	F	30
77	1MI	10.42	9.91	8.67	9.13	F	30
77	2MI	10.62	10.29	9.3	9.65	F	30
77	1IS	8.01	6.21	6.96	5.85	F	30
77	2IS	5.95	5.85	4.4	5.6	F	30
77	CS	7.01	8.04	5.24	7.82	F	30
77	1PMS	6.78	8.48	4.68	7.85	F	30
77	2PMS	6.64	9.14	4.65	8.6	F	30
77	1MS	10.23	10.83	7.36	11.26	F	30
77	2MS	10.89	11.46	7.57	11.38	F	30
78	1II	5.77	5.87	3.95	5.75	F	40
78	2II	5.55	6.32	4.04	5.98	F	40
78	CI	6.86	6.96	5.1	6.93	F	40
78	1PMI	7.02	8.53	5.24	7.28	F	40
78	2PMI	7.8	8.44	5.58	7.73	F	40
78	1MI	NA	NA	NA	NA	F	40
78	2MI	11.82	10.65	9.49	9.55	F	40
78	1IS	7.89	7.5	5.99	6.69	F	40
78	2IS	7.09	6.38	5.22	5.99	F	40
78	CS	8.17	8.26	5.8	7.69	F	40
78	1PMS	6.89	9.47	5.09	8.32	F	40
78	2PMS	NA	9.7	5.11	8.78	F	40
78	1MS	11.74	11.71	8	10.53	F	40
78	2MS	11.81	12.84	7.7	11.39	F	40
79	1II	5.77	5.23	3.71	4.94	F	17
79	2II	6.46	5.87	4.08	5.85	F	17
79	CI	6.54	6.87	4.85	6.99	F	17
79	1PMI	6.61	6.99	4.67	5.98	F	17
79	2PMI	6.55	7.62	4.81	7.04	F	17
79	1MI	11.02	10.07	8.43	8.82	F	17
79	2MI	NA	NA	NA	NA	F	17
79	1IS	8.45	6.51	6.01	5.7	F	17
79	2IS	6.78	5.7	4.67	5.5	F	17
79	CS	7.47	7.5	5.56	7.12	F	17
79	1PMS	6.61	8.44	4.7	7.64	F	17
79	2PMS	6.04	8.67	4.33	8.19	F	17
79	1MS	10.39	10.28	7.32	10.15	F	17
79	2MS	9.39	10.25	7.3	9.77	F	17
80	1II	5.06	5.5	3.73	5.98	F	26
80	2II	5.7	6.54	4.1	6.5	F	26
80	CI	6.4	7.89	5.63	7.63	F	26
80	1PMI	NA	7.13	NA	5.05	F	26
80	2PMI	6.73	7.95	5.45	7.7	F	26
80	1MI	10.09	9.95	8.5	8.78	F	26
80	2MI	10.45	9.93	9.98	9.65	F	26
80	1IS	8.48	7.05	6.61	6.56	F	26
80	2IS	6.01	6.05	4.61	6.08	F	26
80	CS	7.23	7.7	5.74	7.67	F	26
80	1PMS	6.19	8.66	4.84	7.99	F	26
80	2PMS	5.77	9.14	4.68	8.57	F	26
80	1MS	9.61	11.18	7.55	11.41	F	26
80	2MS	10.22	11.39	8.2	11.38	F	26
81	1II	5.38	5.25	3.14	5.16	F	52
81	2II	5.81	5.82	3.48	5.62	F	52
81	CI	6.33	6.96	4.9	6.92	F	52
81	1PMI	6.64	6.61	4.7	6.04	F	52
81	2PMI	7.22	7.78	4.98	6.67	F	52
81	1MI	10.3	9.91	8.18	8.91	F	52
81	2MI	10	10.28	8.4	9.62	F	52
81	1IS	8.12	6.53	5.65	6.14	F	52
81	2IS	6.13	6.07	4.44	5.35	F	52
81	CS	7.28	7.14	4.95	7.18	F	52
81	1PMS	6.63	8.46	4.35	7.5	F	52
81	2PMS	6.79	8.55	4.67	7.46	F	52
81	1MS	10.88	10.14	7.54	10.08	F	52
81	2MS	9.97	10.81	7.2	10.45	F	52
82	1II	5.21	6.1	3.55	5.86	M	39
82	2II	6.43	6.21	4.34	6.33	M	39
82	CI	7.04	8.06	5.63	8.01	M	39
82	1PMI	7.44	7.58	4.86	7.1	M	39
82	2PMI	7.39	7.7	5.28	7.01	M	39
82	1MI	11.36	10.64	9.66	9.01	M	39
82	2MI	10.65	10.15	8.95	9.8	M	39
82	1IS	8.19	7.27	6.1	6.42	M	39
82	2IS	6.77	6.76	5.16	6.1	M	39
82	CS	7.43	8.6	5.72	8.02	M	39
82	1PMS	6.73	9.53	4.67	8.91	M	39
82	2PMS	5.7	9.14	4.61	8.92	M	39
82	1MS	10.97	10.71	8.1	10.65	M	39
82	2MS	9.66	9.78	7.59	11.03	M	39
83	1II	NA	NA	NA	NA	M	17
83	2II	5.78	6.3	4.07	6.39	M	17
83	CI	6.9	8.23	5.82	8.19	M	17
83	1PMI	6.96	7.58	5.22	6.99	M	17
83	2PMI	7.68	8.41	5.82	8.11	M	17
83	1MI	11.22	9.81	9.37	8.98	M	17
83	2MI	10.81	9.66	9.54	9.33	M	17
83	1IS	7.97	7.09	6.78	6.25	M	17
83	2IS	6.65	6.47	5.41	6.22	M	17
83	CS	7.95	8.78	6.41	8.73	M	17
83	1PMS	7.16	9.7	6.05	8.41	M	17
83	2PMS	6.92	9.79	5.48	9.05	M	17
83	1MS	9.65	11.02	8.23	10.85	M	17
83	2MS	9.78	10.66	8.16	10.64	M	17
84	1II	4.99	5.92	3.3	5.39	F	27
84	2II	5.74	6.17	3.73	6.13	F	27
84	CI	6.51	7.32	5.07	7.19	F	27
84	1PMI	6.1	7.54	5.11	6.49	F	27
84	2PMI	6.82	8.07	5.09	6.72	F	27
84	1MI	11.58	11.15	9.8	9.92	F	27
84	2MI	11.28	10.11	10.65	9.82	F	27
84	1IS	8.58	7.06	6.6	6.5	F	27
84	2IS	NA	NA	5.23	NA	F	27
84	CS	NA	NA	NA	NA	F	27
84	1PMS	6.48	8.82	4.51	7.69	F	27
84	2PMS	6.32	8.62	4.62	7.68	F	27
84	1MS	10.89	11.05	7.94	10.81	F	27
84	2MS	10.26	10.92	7.63	10.78	F	27
85	1II	6.45	6.17	3.93	5.82	M	11
85	2II	6.45	6.48	4.13	6.13	M	11
85	CI	7.42	7.94	6	7.93	M	11
85	1PMI	7.85	8.39	5.52	7.14	M	11
85	2PMI	7.91	8.84	5.83	7.53	M	11
85	1MI	11.82	11.05	9.92	9.77	M	11
85	2MI	12.02	10.33	10.35	9.1	M	11
85	1IS	9.69	7.94	6.73	7.99	M	11
85	2IS	7.03	6.89	4.6	6.28	M	11
85	CS	7.91	8.93	6.26	NA	M	11
85	1PMS	7.82	9.71	5.23	8.47	M	11
85	2PMS	NA	9.76	NA	NA	M	11
85	1MS	12.24	12.28	8.8	10.87	M	11
85	2MS	11.63	12.7	NA	NA	M	11
86	1II	4.65	4.89	3.56	5.01	F	25
86	2II	5.51	5.4	4.1	5.33	F	25
86	CI	6.16	6.66	5.09	6.5	F	25
86	1PMI	6.18	7.1	4.59	6.63	F	25
86	2PMI	6.57	7.8	5.31	7.24	F	25
86	1MI	10.78	10.36	9.41	9.78	F	25
86	2MI	10.85	10	9.47	9.69	F	25
86	1IS	7.9	6.75	4.34	5.69	F	25
86	2IS	6.04	5.62	4.6	5.27	F	25
86	CS	7.26	7.42	5.48	6.79	F	25
86	1PMS	6.1	8.3	4.55	7.79	F	25
86	2PMS	6.41	8.78	5.18	8.26	F	25
86	1MS	10.23	11	8.29	10.7	F	25
86	2MS	9.62	11.02	8.31	11.12	F	25
87	1II	4.91	5.01	3.09	4.87	M	42
87	2II	5.31	NA	3.49	5.48	M	42
87	CI	6.79	7.4	5.74	7.21	M	42
87	1PMI	6.34	7.35	4.98	6.31	M	42
87	2PMI	6.99	7.87	4.83	6.57	M	42
87	1MI	11.02	10.46	8.23	8.6	M	42
87	2MI	10.49	9.88	8.64	NA	M	42
87	1IS	7.8	5.61	6.38	5.91	M	42
87	2IS	5.96	5.87	4.25	5.82	M	42
87	CS	7.76	7.78	5.83	7.68	M	42
87	1PMS	6.49	8.62	4.2	7.87	M	42
87	2PMS	5.99	8.88	4.35	7.23	M	42
87	1MS	10.33	10.7	7.23	10.23	M	42
87	2MS	9.96	10.96	7.29	10.34	M	42
88	1II	5.3	5.68	3.59	5.5	M	24
88	2II	5.99	6.25	4	5.87	M	24
88	CI	6.33	6.99	4.79	7.05	M	24
88	1PMI	6.58	7.79	5.11	7.02	M	24
88	2PMI	6.91	8.09	5.06	7.31	M	24
88	1MI	11.19	10.21	8.83	8.97	M	24
88	2MI	11.03	10.37	9.24	9.7	M	24
88	1IS	8.95	6.71	6.44	6.34	M	24
88	2IS	6.5	6.17	4.57	6	M	24
88	CS	7.64	6.15	5.55	7.58	M	24
88	1PMS	6.63	8.83	5.03	8.42	M	24
88	2PMS	6.01	9.25	4.91	8.49	M	24
88	1MS	11.21	10.43	7.62	10.76	M	24
88	2MS	10.79	10.96	6.43	10.78	M	24
89	1II	9.56	5.85	3.86	5.79	M	39
89	2II	6.04	6.34	3.99	6.58	M	39
89	CI	7.04	7.91	6.28	7.88	M	39
89	1PMI	7.01	7.26	5.09	6.77	M	39
89	2PMI	6.81	7.64	5.63	7.36	M	39
89	1MI	11.4	10.35	8.35	9.43	M	39
89	2MI	10.05	9.8	9.35	9.69	M	39
89	1IS	8.55	7.33	6.94	6.82	M	39
89	2IS	6.9	6.7	5.62	6.34	M	39
89	CS	8.21	9.1	6.2	8.9	M	39
89	1PMS	8.39	8.9	6.62	8.18	M	39
89	2PMS	NA	NA	NA	NA	M	39
89	1MS	10.74	11.14	11.36	8.34	M	39
89	2MS	9.6	11.03	7.6	11.46	M	39
90	1II	NA	NA	NA	NA	F	34
90	2II	4.76	5.38	3.57	3.62	F	34
90	CI	5.89	6.33	4.71	6.5	F	34
90	1PMI	5.93	6.1	5.3	5.52	F	34
90	2PMI	6.37	6.82	4.45	6.17	F	34
90	1MI	9.64	8.74	8.03	8.18	F	34
90	2MI	9.28	8.32	7.98	7.88	F	34
90	1IS	7.76	6.23	5.7	5.39	F	34
90	2IS	5.87	5.86	3.98	5.25	F	34
90	CS	6.61	7.05	5.73	6.24	F	34
90	1PMS	6.05	7.84	4.35	6.92	F	34
90	2PMS	6.15	7.99	4.3	6.93	F	34
90	1MS	9.48	9.79	7.21	9.69	F	34
90	2MS	9.39	9.88	6.92	9.29	F	34
91	1II	6.26	6.17	3.65	5.96	F	21
91	2II	5.9	6.26	4.12	6.35	F	21
91	CI	6.63	7.23	5.2	6.73	F	21
91	1PMI	7.3	8.11	5.33	6.86	F	21
91	2PMI	7.18	8.44	5.16	7.53	F	21
91	1MI	11.01	10.48	9.11	8.99	F	21
91	2MI	10.23	9.77	9.4	9.35	F	21
91	1IS	8.63	6.9	5.94	5.98	F	21
91	2IS	6.6	6.74	4.99	6.05	F	21
91	CS	7.16	8.3	5.49	7.89	F	21
91	1PMS	6.91	9.66	4.58	8.05	F	21
91	2PMS	6.45	9.74	4.69	8.83	F	21
91	1MS	10.4	11.22	7.6	10.98	F	21
91	2MS	9.29	11.62	7.7	11.41	F	21
92	1II	5.62	5.85	4.06	5.82	M	33
92	2II	6.05	6.02	3.98	5.79	M	33
92	CI	6.38	6.81	5.31	6.67	M	33
92	1PMI	6.43	7.26	5.19	6.29	M	33
92	2PMI	6.92	8.04	5.65	7.04	M	33
92	1MI	11.06	10.14	8.96	9.25	M	33
92	2MI	10.42	9.88	9.36	9.77	M	33
92	1IS	8.74	7.6	6.46	6.46	M	33
92	2IS	6.47	6.1	5.02	5.93	M	33
92	CS	7.21	7.53	5.77	6.97	M	33
92	1PMS	6.24	8.17	4.8	7.39	M	33
92	2PMS	6.74	8.89	5.05	8.52	M	33
92	1MS	9.83	10.98	7.95	10.58	M	33
92	2MS	9.85	11.29	7.8	10.7	M	33
93	1II	5.67	5.33	3.33	4.35	F	25
93	2II	6.12	6.05	3.57	5.61	F	25
93	CI	6.52	6.87	4.74	6.79	F	25
93	1PMI	6.77	7.11	4.59	6.68	F	25
93	2PMI	6.95	7.32	5.03	6.45	F	25
93	1MI	10.37	9.8	8.49	8.59	F	25
93	2MI	9.77	9.59	8.34	NA	F	25
93	1IS	8.33	6.76	6.41	6.01	F	25
93	2IS	7.43	6.13	5.24	5.56	F	25
93	CS	7.67	7.55	5.41	7.24	F	25
93	1PMS	6.39	8.76	4.68	7.66	F	25
93	2PMS	6.81	9.09	4.71	8.33	F	25
93	1MS	10.74	10.87	7.5	10.45	F	25
93	2MS	9.76	10.7	7.41	9.73	F	25
94	1II	5.45	5.74	3.6	5.31	F	21
94	2II	6.03	6.28	4.2	5.54	F	21
94	CI	6.47	7.32	5.08	6.43	F	21
94	1PMI	6.52	7.78	4.89	6.69	F	21
94	2PMI	6.31	8.57	5.15	7.4	F	21
94	1MI	10.93	10.81	8.61	9.53	F	21
94	2MI	10.29	10.6	9.13	10.06	F	21
94	1IS	8.66	6.82	6.55	6.15	F	21
94	2IS	6.33	6.29	4.52	5.49	F	21
94	CS	7.08	7.66	5.14	6.72	F	21
94	1PMS	6.33	9.33	5.22	8.43	F	21
94	2PMS	6.81	9.71	4.59	8.39	F	21
94	1MS	9.69	10.41	7.58	11.02	F	21
94	2MS	9.92	10.82	8.33	11	F	21
95	1II	4.4	6.2	3.29	5.93	M	20
95	2II	5.82	6.66	3.59	6.56	M	20
95	CI	6.76	8.28	5.78	8.04	M	20
95	1PMI	6.61	7.64	5.03	7.09	M	20
95	2PMI	7.21	7.85	5.29	7.77	M	20
95	1MI	9.83	10.1	9.05	10.01	M	20
95	2MI	10.68	10.06	9.82	9.74	M	20
95	1IS	8.01	7.2	6.27	6.93	M	20
95	2IS	6.36	6.13	4.74	5.78	M	20
95	CS	7.99	8.72	6.45	8.6	M	20
95	1PMS	7.08	8.93	4.96	8.46	M	20
95	2PMS	6.85	9.49	4.75	9.15	M	20
95	1MS	9.57	11.21	7.94	11.48	M	20
95	2MS	9.63	11.37	8.26	11.81	M	20
96	1II	5.24	5.2	3.11	4.9	F	55
96	2II	6.09	5.3	3.66	5.42	F	55
96	CI	6.82	6.89	4.94	6.71	F	55
96	1PMI	7.47	7.04	4.8	6.36	F	55
96	2PMI	7.08	8.06	5.39	7.1	F	55
96	1MI	10.89	10.13	8.68	8.92	F	55
96	2MI	9.69	9.33	8.63	8.6	F	55
96	1IS	9.01	6.73	5.97	6.03	F	55
96	2IS	7.97	6.02	4.87	5.68	F	55
96	CS	7.88	7.3	5.4	7.04	F	55
96	1PMS	7.8	9.24	5.09	7.58	F	55
96	2PMS	7.32	9.56	5.12	8.19	F	55
96	1MS	10.58	10.64	6.95	10.05	F	55
96	2MS	9.5	10.5	7.39	9.51	F	55
97	1II	5.53	6.47	3.68	5.9	F	24
97	2II	5.82	6.82	3.9	6.35	F	24
97	CI	6.78	8.08	5.4	7.93	F	24
97	1PMI	6.77	7.9	5.11	6.82	F	24
97	2PMI	7.18	8.11	NA	8	F	24
97	1MI	10.96	10.75	9.81	9.58	F	24
97	2MI	11.07	10.39	10.49	9.49	F	24
97	1IS	7.89	5.93	7.3	6.39	F	24
97	2IS	6.56	6.74	4.77	5.71	F	24
97	CS	7.92	8.81	5.89	8.44	F	24
97	1PMS	6.68	9.39	4.77	8.2	F	24
97	2PMS	6.3	9.54	4.45	8.68	F	24
97	1MS	10.56	11.53	7.97	11.12	F	24
97	2MS	10.38	11.97	8.18	11.49	F	24
98	1II	4.72	5.43	2.93	5.08	F	17
98	2II	5.3	6.09	3.46	6.06	F	17
98	CI	6.68	7.02	5.13	6.9	F	17
98	1PMI	6.65	7.33	4.74	6.48	F	17
98	2PMI	6.69	8.02	4.6	7.5	F	17
98	1MI	NA	NA	NA	NA	F	17
98	2MI	NA	NA	NA	NA	F	17
98	1IS	7.69	6.81	5.68	5.89	F	17
98	2IS	5.14	5.4	3.54	4.88	F	17
98	CS	7.32	7.69	5.8	7.71	F	17
98	1PMS	6.86	8.98	4.88	7.9	F	17
98	2PMS	6.28	7.98	4.61	7.38	F	17
98	1MS	10.7	11.2	7.5	10.7	F	17
98	2MS	9.13	11.01	7.22	9.8	F	17
99	1II	5.18	5.82	3.54	5.72	F	18
99	2II	5.78	6.56	4.11	6.35	F	18
99	CI	6.52	7.8	5.35	7.85	F	18
99	1PMI	6.7	7.09	5.19	6.53	F	18
99	2PMI	NA	NA	NA	NA	F	18
99	1MI	11.34	10.52	9.05	9.95	F	18
99	2MI	11.06	10.26	9.42	9.72	F	18
99	1IS	8.1	7.44	5.9	6.64	F	18
99	2IS	6.65	6.44	5.1	6.14	F	18
99	CS	7.3	8.2	6.06	8.05	F	18
99	1PMS	6.86	8.89	4.66	8.22	F	18
99	2PMS	6.78	9.5	4.89	9.2	F	18
99	1MS	10.29	11.4	8.93	11.29	F	18
99	2MS	8.45	10.55	7.95	10.99	F	18
100	1II	4.69	5.9	3.2	6.3	M	36
100	2II	5.25	6.25	3.55	6.59	M	36
100	CI	7.04	7.84	5.45	7.87	M	36
100	1PMI	7.31	8.68	5.08	7.68	M	36
100	2PMI	6.98	8.83	5.7	8.26	M	36
100	1MI	11.52	10.94	10.01	10.18	M	36
100	2MI	12.3	11.73	10.78	11.12	M	36
100	1IS	7.94	7.55	7.02	6.86	M	36
100	2IS	5.76	7.66	4.34	7.2	M	36
100	CS	7.92	8.66	6.2	8.5	M	36
100	1PMS	7.1	9.95	5.38	8.81	M	36
100	2PMS	6.66	9.75	5.15	9.2	M	36
100	1MS	10.86	11.98	8.3	11.96	M	36
100	2MS	10.59	12.4	8.63	11.51	M	36
101	1II	4.71	5.3	3.02	4.82	F	42
101	2II	5.32	5.82	3.53	5.61	F	42
101	CI	5.9	7.02	4.91	6.87	F	42
101	1PMI	6.1	6.82	4.45	6.1	F	42
101	2PMI	6.66	7.64	4.62	7	F	42
101	1MI	10.86	9.83	8.74	8.8	F	42
101	2MI	9.91	9.51	8.49	9	F	42
101	1IS	7.93	7.02	6.01	6.12	F	42
101	2IS	NA	NA	NA	NA	F	42
101	CS	6.69	7.35	5.19	7.31	F	42
101	1PMS	5.83	7.89	4.18	7.15	F	42
101	2PMS	6.06	8	4.07	7.5	F	42
101	1MS	9.84	10.43	7.76	10.07	F	42
101	2MS	10.06	10.55	7.38	10.01	F	42
102	1II	5.27	5.7	3.25	5.38	M	23
102	2II	6.24	6.14	3.78	5.73	M	23
102	CI	7.28	7.98	5.89	8.09	M	23
102	1PMI	6.78	7.64	5.02	7.37	M	23
102	2PMI	7.28	8.18	NA	NA	M	23
102	1MI	11.8	10.92	9.47	9.6	M	23
102	2MI	10.97	10.09	9.6	NA	M	23
102	1IS	9.25	7.07	5.8	6.68	M	23
102	2IS	7.31	6.63	4.99	5.95	M	23
102	CS	8.29	8.86	6.24	8.14	M	23
102	1PMS	7.09	8.93	4.8	8.26	M	23
102	2PMS	6.33	9.3	4.85	8.17	M	23
102	1MS	11.46	11.48	8.58	10.91	M	23
102	2MS	10.39	11.46	8.6	10.93	M	23
103	1II	5.92	5.58	3.39	5.1	F	38
103	2II	5.64	6	3.89	5.7	F	38
103	CI	6.75	7.29	5.03	6.86	F	38
103	1PMI	6.97	6.91	4.66	6.09	F	38
103	2PMI	7.23	7.69	5.32	7.17	F	38
103	1MI	NA	9.94	8.54	9.16	F	38
103	2MI	10.55	9.35	8.71	8.12	F	38
103	1IS	8.72	7.19	6.1	6.07	F	38
103	2IS	5.74	6.28	3.89	5.38	F	38
103	CS	7.71	7.86	5.37	7.17	F	38
103	1PMS	6.97	8.46	4.45	7.61	F	38
103	2PMS	5.95	8.35	4.6	7.78	F	38
103	1MS	10.51	11.03	7.36	10.94	F	38
103	2MS	9.57	10.74	7.2	10.21	F	38
104	1II	5.1	4.86	3.25	5.67	M	24
104	2II	5.83	6.02	3.35	5.85	M	24
104	CI	6.63	7.63	4.93	7.54	M	24
104	1PMI	7.04	7.88	5.11	6.71	M	24
104	2PMI	6.4	8.31	5.18	7.29	M	24
104	1MI	11.81	10.78	9.46	9.6	M	24
104	2MI	10.97	10.48	9.58	10.24	M	24
104	1IS	9.19	7.26	6.39	6.51	M	24
104	2IS	6.56	6.11	5.03	5.87	M	24
104	CS	7.83	8.57	5.72	8.18	M	24
104	1PMS	6.79	9.45	5.3	8.54	M	24
104	2PMS	6.64	9.36	4.89	8.67	M	24
104	1MS	10.59	12.1	11.66	8.02	M	24
104	2MS	10.3	12.14	7.51	12.06	M	24
105	1II	5.43	5.74	3.28	5.27	F	19
105	2II	5.8	6.61	3.38	5.97	F	19
105	CI	6.75	7.86	4.96	7.27	F	19
105	1PMI	7.09	7.63	4.38	6.59	F	19
105	2PMI	7.4	8.03	4.68	7.17	F	19
105	1MI	11.49	10.74	9.49	9.64	F	19
105	2MI	11.25	10.35	8.45	9.18	F	19
105	1IS	8.52	7.39	5.96	6.81	F	19
105	2IS	5.98	6.18	3.97	5.65	F	19
105	CS	7.79	8.43	5.1	7.58	F	19
105	1PMS	6.89	8.47	4.09	7.4	F	19
105	2PMS	6.48	8.3	4.57	7.84	F	19
105	1MS	11.48	11.15	7.79	11.18	F	19
105	2MS	10.83	11.26	7.29	10.55	F	19
106	1II	5.2	6.51	3.79	NA	M	24
106	2II	6	6.93	4.22	6.8	M	24
106	CI	6.69	8.47	5.64	8.38	M	24
106	1PMI	6.93	8.44	5.1	7.64	M	24
106	2PMI	7.2	8.53	5.41	7.8	M	24
106	1MI	10.4	10.54	9.21	NA	M	24
106	2MI	10.37	10.23	NA	NA	M	24
106	1IS	8.17	8.15	6.49	7.18	M	24
106	2IS	7.09	7.16	5.47	7.01	M	24
106	CS	7.72	9.14	5.93	8.71	M	24
106	1PMS	6.89	9.2	4.76	8.83	M	24
106	2PMS	6.64	9.66	5.48	8.79	M	24
106	1MS	10.5	11.87	7.98	11.58	M	24
106	2MS	9.06	12.2	6.82	13.48	M	24
107	1II	5.68	6.18	3.62	6.04	M	40
107	2II	6.67	6.92	3.6	6.79	M	40
107	CI	7.33	9.34	6.06	7.75	M	40
107	1PMI	6.93	7.98	5.09	7.81	M	40
107	2PMI	7.47	7.86	5.7	7.7	M	40
107	1MI	10.55	10.38	8.63	9.43	M	40
107	2MI	10.49	10.74	9.25	9.85	M	40
107	1IS	8.52	7.69	5.69	6.74	M	40
107	2IS	6.92	6.92	5	6.16	M	40
107	CS	8.23	9.05	6.11	8.23	M	40
107	1PMS	7.09	9.58	5.48	8.81	M	40
107	2PMS	6.51	9.27	5.06	8.71	M	40
107	1MS	10.85	11.26	7.87	10.76	M	40
107	2MS	10.27	11.48	7.47	11.15	M	40
108	1II	5.38	6.33	3.45	5.68	F	28
108	2II	5.73	6.78	4.08	6.44	F	28
108	CI	6.53	7.78	5.18	7.49	F	28
108	1PMI	6.7	7.49	4.54	6.49	F	28
108	2PMI	7.06	8.45	4.86	7.04	F	28
108	1MI	11.62	11.3	9.23	9.45	F	28
108	2MI	10.99	10.85	9.35	9.4	F	28
108	1IS	8.79	7.85	6.41	6.55	F	28
108	2IS	5.37	6.48	4.71	6.21	F	28
108	CS	7.29	8.62	5.45	7.6	F	28
108	1PMS	7	8.89	4.43	7.72	F	28
108	2PMS	6.26	9.1	4.96	8.91	F	28
108	1MS	10.99	12.18	7.69	10.86	F	28
108	2MS	9.81	11.7	6.69	10.92	F	28
109	1II	5.73	7	3.76	6.65	M	17
109	2II	6.82	6.42	4.5	6.45	M	17
109	CI	6.69	7.86	5.82	7.63	M	17
109	1PMI	6.98	8.14	5.52	8.31	M	17
109	2PMI	7.33	8.62	5.56	8.2	M	17
109	1MI	11.83	11.3	9.97	10.25	M	17
109	2MI	11.2	10.95	10.12	10.66	M	17
109	1IS	9.28	8.25	7.06	7.41	M	17
109	2IS	7.12	6.58	5.55	6.52	M	17
109	CS	7.88	9.11	5.99	8.58	M	17
109	1PMS	6.47	8.79	4.86	8.56	M	17
109	2PMS	5.18	9.47	5.18	9.28	M	17
109	1MS	11.07	12.09	8.4	11.62	M	17
109	2MS	10.53	12.28	8.89	12.01	M	17
110	1II	4.96	5.23	3.13	5	M	27
110	2II	5.79	5.86	3.65	5.89	M	27
110	CI	7	7.65	5.53	7.45	M	27
110	1PMI	5.93	7.79	4.48	7.15	M	27
110	2PMI	6.09	8.35	4.57	7.68	M	27
110	1MI	10.84	10.11	8.9	9.56	M	27
110	2MI	10.1	10.02	8.77	9.78	M	27
110	1IS	8.03	7.02	5.39	5.94	M	27
110	2IS	6.37	5.6	4.01	5.5	M	27
110	CS	7.44	8.3	5.6	8.06	M	27
110	1PMS	6.29	8.53	4.6	7.85	M	27
110	2PMS	6.16	9.02	4.68	8.32	M	27
110	1MS	8.74	11.11	6.99	10.87	M	27
110	2MS	9.59	10.79	7.74	10.06	M	27
111	1II	5.3	5.11	3.41	5.03	F	23
111	2II	5.78	5.52	3.65	5.16	F	23
111	CI	6.43	6.8	4.74	6.53	F	23
111	1PMI	6.75	7.25	4.46	6.1	F	23
111	2PMI	6.66	7.79	4.76	7.11	F	23
111	1MI	10.2	10.26	8.15	8.67	F	23
111	2MI	10.44	9.45	8.68	9.04	F	23
111	1IS	8.28	6.54	5.7	6.06	F	23
111	2IS	6.48	5.87	4.62	5.16	F	23
111	CS	7.25	7.38	5.33	6.65	F	23
111	1PMS	6.77	8.67	4.63	7.54	F	23
111	2PMS	6.35	8.81	4.42	7.79	F	23
111	1MS	9.92	10.65	7.52	10.31	F	23
111	2MS	9.82	10.59	7.87	10.34	F	23
112	1II	5.19	5.85	3.43	5.55	F	40
112	2II	5.77	6.45	3.9	6.23	F	40
112	CI	6.75	7.83	5.1	7.71	F	40
112	1PMI	6.64	7.9	4.8	6.62	F	40
112	2PMI	7.3	8.48	5.3	7.9	F	40
112	1MI	10.76	11.12	8.7	9.55	F	40
112	2MI	11	11.3	10.13	10.65	F	40
112	1IS	8.76	7.39	6.07	6.78	F	40
112	2IS	6.51	6.53	5.02	5.61	F	40
112	CS	7.78	8.48	5.35	7.99	F	40
112	1PMS	6.18	8.91	4.4	8.08	F	40
112	2PMS	6.7	9.56	4.97	8.99	F	40
112	1MS	11.24	11.56	7.62	10.91	F	40
112	2MS	9.86	10.75	7.75	10.56	F	40
113	1II	4.69	6.6	3.32	6.12	M	25
113	2II	5.53	6.69	3.58	6.45	M	25
113	CI	6.2	8.75	5.4	8.68	M	25
113	1PMI	6.25	7.79	4.76	6.76	M	25
113	2PMI	5.99	8.2	4.99	7.46	M	25
113	1MI	11.05	10.44	9.23	10.1	M	25
113	2MI	10.38	10.36	9.69	10.01	M	25
113	1IS	8.08	7.38	5.85	6.43	M	25
113	2IS	5.3	6.65	4.38	6.48	M	25
113	CS	7.15	8.52	5.28	8.36	M	25
113	1PMS	6.13	8.66	4.44	7.98	M	25
113	2PMS	5.89	9.16	4.8	8.55	M	25
113	1MS	10.83	11.69	8.63	11.38	M	25
113	2MS	10	11.98	7.87	11.94	M	25
114	1II	5.54	5.75	3.51	5.37	F	18
114	2II	5.95	6.2	3.78	5.87	F	18
114	CI	6.4	7.3	5.14	7.28	F	18
114	1PMI	6.73	7.5	5.12	6.42	F	18
114	2PMI	6.75	7.6	5.4	6.97	F	18
114	1MI	10.54	9.85	8.88	8.72	F	18
114	2MI	10.31	9.5	9.43	8.75	F	18
114	1IS	7.99	7.07	5.99	6.91	F	18
114	2IS	5.58	6.46	3.84	5.99	F	18
114	CS	7.36	7.88	5.19	7.67	F	18
114	1PMS	6.58	8.83	4.65	8.1	F	18
114	2PMS	6.4	8.95	5.11	8.16	F	18
114	1MS	9.41	10.6	7.24	10.4	F	18
114	2MS	9.35	10.59	7.59	10.29	F	18
115	1II	5.84	6.2	4.16	5.95	F	12
115	2II	6.42	6.73	4.24	6.21	F	12
115	CI	7.01	7.51	5.6	7.49	F	12
115	1PMI	6.77	7.6	5	7.07	F	12
115	2PMI	7.02	8.23	5.69	7.47	F	12
115	1MI	11.36	10.81	9.37	9.27	F	12
115	2MI	11.33	9.92	NA	10.24	F	12
115	1IS	9.18	7.84	6.88	6.94	F	12
115	2IS	6.33	6.59	4.67	6.36	F	12
115	CS	7.86	8.62	5.97	7.99	F	12
115	1PMS	6.84	9.36	5.2	8.34	F	12
115	2PMS	6.83	9.11	4.86	8.7	F	12
115	1MS	10.73	11.64	8.64	11.54	F	12
115	2MS	10.03	11.95	8.55	11.84	F	12
116	1II	5.45	5.61	3.63	5.12	M	46
116	2II	6.2	6.13	3.92	6.47	M	46
116	CI	7.56	8.05	5.73	7.78	M	46
116	1PMI	6.76	7.22	4.79	6.24	M	46
116	2PMI	6.94	7.67	4.67	6.91	M	46
116	1MI	11.38	10.29	8.57	8.97	M	46
116	2MI	10.37	10.36	8.9	8.9	M	46
116	1IS	8.38	7.15	6.19	6.24	M	46
116	2IS	6.33	6.14	4.2	5.2	M	46
116	CS	8.36	9.13	6.26	8.66	M	46
116	1PMS	6.49	8.19	4.81	7.21	M	46
116	2PMS	6.21	9.17	4.1	7.32	M	46
116	1MS	10.26	11.27	7.87	10.45	M	46
116	2MS	10.2	11.16	7.46	10.8	M	46
117	1II	5.61	5.97	3.76	5.48	M	25
117	2II	6.33	6.74	4.16	6.16	M	25
117	CI	6.59	7.2	4.9	7.07	M	25
117	1PMI	7.08	7.3	4.73	6.15	M	25
117	2PMI	7.09	8.1	5	7.38	M	25
117	1MI	11.5	10.66	8.98	9.4	M	25
117	2MI	10.95	9.67	8.5	9.29	M	25
117	1IS	8.5	7.9	6.71	6.19	M	25
117	2IS	6.06	6.43	4.2	5.23	M	25
117	CS	7.69	7.81	5.48	7.39	M	25
117	1PMS	7.02	8.87	4.6	7.28	M	25
117	2PMS	6.3	9.12	4.22	8.01	M	25
117	1MS	10.81	11.34	7.79	10.8	M	25
117	2MS	9.18	11.5	8.7	10.29	M	25
118	1II	5.3	5.73	3.48	5.34	M	21
118	2II	5.73	6.11	3.9	5.77	M	21
118	CI	6.99	7.47	5.7	7.28	M	21
118	1PMI	6.74	7.67	4.66	6.38	M	21
118	2PMI	6.32	7.05	4.33	6.17	M	21
118	1MI	11.17	10.07	9.34	8.88	M	21
118	2MI	10.84	9.5	9.15	9.55	M	21
118	1IS	8.66	6.99	6.27	6.21	M	21
118	2IS	6.62	7.48	6.45	7.27	M	21
118	CS	7.55	8.38	5.97	7.69	M	21
118	1PMS	6.32	8.42	4.44	7.38	M	21
118	2PMS	5.9	6.6	4.1	6.44	M	21
118	1MS	9.99	11.34	8.31	10.49	M	21
118	2MS	9.98	11.04	9.25	10.11	M	21
119	1II	4.54	5.95	3.34	5.71	M	41
119	2II	5.71	6.33	4.05	6.36	M	41
119	CI	6.89	8.38	6.21	8.31	M	41
119	1PMI	6.9	7.46	5.71	6.55	M	41
119	2PMI	6.67	8.43	5.41	7.61	M	41
119	1MI	12.67	11.27	10.55	10.57	M	41
119	2MI	12.63	10.66	10.81	10.4	M	41
119	1IS	8.32	7.09	6.22	6.08	M	41
119	2IS	6.11	6.08	4.67	5	M	41
119	CS	8.15	8.99	6.88	8.4	M	41
119	1PMS	6.6	8.48	4.62	8.02	M	41
119	2PMS	6.55	9.07	4.98	8.66	M	41
119	1MS	11.26	11.74	8.98	11.74	M	41
119	2MS	9.71	12.31	8.77	12.01	M	41
120	1II	4.63	5.87	3.16	5.66	F	20
120	2II	5.5	6.31	3.78	6.02	F	20
120	CI	6	7.02	4.67	6.7	F	20
120	1PMI	6.51	7.67	5.01	6.71	F	20
120	2PMI	6.67	8.49	5.17	7.48	F	20
120	1MI	10.49	10.18	8.86	9.07	F	20
120	2MI	10.52	9.93	9.5	9.47	F	20
120	1IS	7.61	7.01	5.47	6.27	F	20
120	2IS	5.87	6.05	4.28	6.02	F	20
120	CS	7.03	8.32	5.41	7.18	F	20
120	1PMS	6.6	9.45	4.88	8.45	F	20
120	2PMS	6.94	9.4	5.53	8.67	F	20
120	1MS	9.56	10.89	7.17	10.67	F	20
120	2MS	9.63	10.88	8.06	10.29	F	20
121	1II	4.8	5.34	3.23	6.06	F	29
121	2II	5.51	5.77	3.76	5.45	F	29
121	CI	6.22	6.49	4.54	6.44	F	29
121	1PMI	6.4	7.31	4.32	6.42	F	29
121	2PMI	5.87	7.31	4.19	6.59	F	29
121	1MI	10.16	9.96	8.22	8.36	F	29
121	2MI	9.31	9.05	8.01	8.7	F	29
121	1IS	8.02	6.84	5.55	5.68	F	29
121	2IS	6.8	6.17	4.51	6.01	F	29
121	CS	7.29	7.47	5.11	7.1	F	29
121	1PMS	6.25	8.46	4.04	7.91	F	29
121	2PMS	5.7	8.03	3.88	7.45	F	29
121	1MS	9.36	10.48	6.77	10.09	F	29
121	2MS	8.28	10.03	5.78	6.83	F	29
122	1II	4.64	6.38	3.59	5.58	F	20
122	2II	5.66	6.62	3.78	5.88	F	20
122	CI	5.65	7.12	5.12	6.89	F	20
122	1PMI	6.66	7.3	4.82	6.18	F	20
122	2PMI	7.53	7.82	5.55	6.71	F	20
122	1MI	10.48	9.89	9.03	8.67	F	20
122	2MI	10.34	9.71	9.76	9.01	F	20
122	1IS	8.53	7.67	5.81	6.42	F	20
122	2IS	6.26	6.46	4.51	5.61	F	20
122	CS	7.26	7.99	5.34	6.77	F	20
122	1PMS	7	8.79	5	7.38	F	20
122	2PMS	6.55	9.51	5	8.48	F	20
122	1MS	10.06	10.74	7.37	10.29	F	20
122	2MS	8.51	9.88	7.51	9.52	F	20
123	1II	5.14	5.9	3.57	5.55	F	24
123	2II	6	6.22	6.07	4.55	F	24
123	CI	6.45	7.02	4.55	6.73	F	24
123	1PMI	6.63	7.26	4.79	5.06	F	24
123	2PMI	6.88	7.72	4.71	6.58	F	24
123	1MI	11.01	10.53	8.96	8.55	F	24
123	2MI	10.67	9.91	8.3	9.45	F	24
123	1IS	8.55	7.62	5.68	6.47	F	24
123	2IS	6.3	6.53	4.71	5.96	F	24
123	CS	7.44	7.57	5.33	7.42	F	24
123	1PMS	6.37	8.51	4.41	7.51	F	24
123	2PMS	6.18	9.12	5.02	8.44	F	24
123	1MS	10.07	10.76	8.02	10.05	F	24
123	2MS	9.21	10.9	8.23	9.88	F	24
124	1II	5.31	5.7	3.36	5.01	F	20
124	2II	5.84	6.1	3.55	5.72	F	20
124	CI	6.32	7.12	5.11	6.39	F	20
124	1PMI	6.9	7	4.44	6.5	F	20
124	2PMI	6.7	7.03	5.22	6.75	F	20
124	1MI	10.3	9.61	8.46	9	F	20
124	2MI	10.03	9.28	9.1	NA	F	20
124	1IS	7.79	6.65	6.01	6.35	F	20
124	2IS	6.38	6.22	4.62	5.44	F	20
124	CS	7.12	8.01	5.41	7.13	F	20
124	1PMS	6.34	8.45	5.12	7.69	F	20
124	2PMS	6.08	8.55	5.89	7.82	F	20
124	1MS	9.32	10.12	7.12	10.02	F	20
124	2MS	8.67	9.65	7.12	9.59	F	20
125	1II	5.58	6.41	4.07	5.99	M	19
125	2II	6.21	6.8	4.85	6.27	M	19
125	CI	6.89	7.77	5.83	7.91	M	19
125	1PMI	6.99	7.89	5.34	6.81	M	19
125	2PMI	6.61	8.4	5.27	7.51	M	19
125	1MI	11.48	10.55	9.79	9.38	M	19
125	2MI	10.8	10.44	9.59	10.14	M	19
125	1IS	9.08	7.84	6.91	6.91	M	19
125	2IS	7.23	7.15	5.55	6.62	M	19
125	CS	7.87	9.17	6.31	8.59	M	19
125	1PMS	6.71	9.55	5.74	8.61	M	19
125	2PMS	6.98	9.44	5.79	9.34	M	19
125	1MS	10.83	11.78	8.37	11.29	M	19
125	2MS	10.29	10.86	8.21	10.79	M	19
126	1II	5.1	5.81	3.35	5.43	F	40
126	2II	5.71	6.43	3.67	6.31	F	40
126	CI	6.33	7.55	5	7.45	F	40
126	1PMI	6.61	7.82	4.76	6.51	F	40
126	2PMI	7.2	8.49	5.36	7.83	F	40
126	1MI	10.38	10.92	8.47	9.27	F	40
126	2MI	11.11	11.21	10.03	10.59	F	40
126	1IS	8.71	7.44	6.09	6.72	F	40
126	2IS	6.47	6.44	5.1	5.55	F	40
126	CS	7.51	8.31	5.17	7.71	F	40
126	1PMS	6.19	8.96	4.5	8	F	40
126	2PMS	6.61	9.44	4.89	8.92	F	40
126	1MS	11.01	11.26	7.32	10.31	F	40
126	2MS	9.79	10.7	7.66	10.49	F	40
127	1II	5.21	5.77	4.27	5.66	F	21
127	2II	6	6.35	4.44	5.77	F	21
127	CI	5.48	7.32	5.4	6.91	F	21
127	1PMI	6.81	7.18	5.2	6.18	F	21
127	2PMI	7.3	8.12	5.02	7.2	F	21
127	1MI	9.62	8.62	8.99	8.47	F	21
127	2MI	NA	NA	NA	NA	F	21
127	1IS	8.87	6.72	6.81	6.09	F	21
127	2IS	7.49	6.11	5.5	5.81	F	21
127	CS	7.38	7.83	5.12	7.39	F	21
127	1PMS	6.91	8.38	5	7.32	F	21
127	2PMS	6.19	9.01	4.33	7.55	F	21
127	1MS	10.26	10.69	7.85	10.05	F	21
127	2MS	9.71	11.12	7.59	10.66	F	21
128	1II	5.3	5.47	3.2	4.79	F	19
128	2II	5.89	5.77	3.56	5.18	F	19
128	CI	6.1	6.66	4.57	6.56	F	19
128	1PMI	6.69	7.16	4.99	6.34	F	19
128	2PMI	6.99	7.89	5.37	7.61	F	19
128	1MI	11.22	9.89	9.92	8.96	F	19
128	2MI	9.9	9.51	8.64	9.9	F	19
128	1IS	8.74	6.68	5.69	5.46	F	19
128	2IS	7.22	6.2	4.77	5.79	F	19
128	CS	7.21	7.77	4.56	7.02	F	19
128	1PMS	7.12	8.82	5.1	8.36	F	19
128	2PMS	6.48	8.55	4.63	8.39	F	19
128	1MS	9.61	10.61	7.03	9.69	F	19
128	2MS	8.56	10.99	7.09	9.78	F	19
129	1II	4.89	5	3	4.6	F	22
129	2II	5.17	5.7	3.67	5.49	F	22
129	CI	5.5	7	4.35	6.69	F	22
129	1PMI	6.2	7	4.31	6.5	F	22
129	2PMI	6.4	7.2	5.33	7.6	F	22
129	1MI	10.49	10.3	8.71	9.4	F	22
129	2MI	10.4	9.6	8.6	9.77	F	22
129	1IS	7.8	6.5	6.04	5.88	F	22
129	2IS	5.5	5.8	4.38	5.16	F	22
129	CS	6.27	7.15	4.61	7	F	22
129	1PMS	6.18	8.55	4.33	7.99	F	22
129	2PMS	6.38	8.59	4.68	8.45	F	22
129	1MS	10.3	10.55	8.34	10.09	F	22
129	2MS	9.5	10.4	7.6	11	F	22
130	1II	5.29	5.55	3.21	5.12	M	18
130	2II	5.88	5.9	3.18	5.78	M	18
130	CI	6.45	7.26	4.88	7.22	M	18
130	1PMI	6.1	7.17	4.55	6.48	M	18
130	2PMI	6.33	6.88	4.58	6.36	M	18
130	1MI	11.68	10.75	9.9	9.56	M	18
130	2MI	10.86	10.49	9.7	10.3	M	18
130	1IS	7.88	6.76	6.33	6.48	M	18
130	2IS	6.33	5.83	4.66	5.47	M	18
130	CS	6.99	7.88	5.04	7.77	M	18
130	1PMS	6.26	8.35	4.66	7.88	M	18
130	2PMS	5.79	7.55	4.66	7.22	M	18
130	1MS	9.77	10.66	7.69	10.33	M	18
130	2MS	9.26	10.19	7.39	10.4	M	18
131	1II	5.13	6.22	3.51	5.77	M	16
131	2II	5.7	6.21	3.77	6.27	M	16
131	CI	6.33	7.89	5.48	7.99	M	16
131	1PMI	6.5	7	4.67	7.19	M	16
131	2PMI	7.25	8.58	4.53	6.46	M	16
131	1MI	10.9	10.27	8.56	9.5	M	16
131	2MI	10.71	9.47	9.67	9.44	M	16
131	1IS	7.87	7.08	6.31	6.88	M	16
131	2IS	6.32	6.28	4.56	6.09	M	16
131	CS	7.31	8.46	5.29	8.37	M	16
131	1PMS	6.16	8.31	4.62	8.09	M	16
131	2PMS	6.49	9.34	4.88	8.99	M	16
131	1MS	10.5	11.45	8	10.89	M	16
131	2MS	9.27	11.4	8.05	11.66	M	16
132	1II	5.76	6.1	4.09	5.9	F	19
132	2II	6.3	6.81	4.28	6.26	F	19
132	CI	6.78	7.32	5.37	7.26	F	19
132	1PMI	6.73	7.55	5.02	7.14	F	19
132	2PMI	7.37	8.38	5.77	7.58	F	19
132	1MI	11.08	10.55	9.11	9.05	F	19
132	2MI	11.37	9.87	NA	10.11	F	19
132	1IS	9.14	7.8	6.97	6.9	F	19
132	2IS	6.3	6.79	4.47	6.52	F	19
132	CS	7.71	8.53	5.76	7.78	F	19
132	1PMS	6.81	9.3	5.42	8.65	F	19
132	2PMS	6.8	9.07	4.65	8.63	F	19
132	1MS	10.58	11.6	8.34	11.26	F	19
132	2MS	10.26	11.85	8.45	11.74	F	19
133	1II	4.6	5.74	3.26	5.66	M	45
133	2II	4.7	5.9	3.77	5.7	M	45
133	CI	6.68	7.79	5.48	7.66	M	45
133	1PMI	6.15	7.38	4.86	6.78	M	45
133	2PMI	6.79	7.51	4.78	6.66	M	45
133	1MI	10.92	10.38	8.97	9.47	M	45
133	2MI	9.89	9.49	8.73	8.9	M	45
133	1IS	7.12	6.88	5.39	6.56	M	45
133	2IS	6.32	6.04	4.1	5.66	M	45
133	CS	7.65	8.55	6.21	8.38	M	45
133	1PMS	6.66	8.51	5.06	8.28	M	45
133	2PMS	6.22	8.6	5	8.04	M	45
133	1MS	9.76	10.99	7.78	10.68	M	45
133	2MS	8.71	10.3	7.23	10.36	M	45
134	1II	5.4	7.6	3.51	7.08	M	25
134	2II	5.74	5.19	4.17	6.27	M	25
134	CI	7.42	9.37	5.99	9.01	M	25
134	1PMI	7.21	8.05	5.47	7.56	M	25
134	2PMI	7.2	8.7	5.11	8.2	M	25
134	1MI	12.27	11.12	9.79	10.33	M	25
134	2MI	11.9	10.66	10.97	9.9	M	25
134	1IS	8.17	6.6	7.14	6.21	M	25
134	2IS	7.81	8.16	6.07	7.01	M	25
134	CS	8.19	10.11	6.37	9.89	M	25
134	1PMS	6.9	9.62	4.69	9.03	M	25
134	2PMS	6.88	8.78	4.84	7.99	M	25
134	1MS	10.74	12.58	8.49	11.99	M	25
134	2MS	11.44	12.33	9.1	11.77	M	25
135	1II	5.1	6.09	3.34	6.18	M	21
135	2II	5.8	6.72	4.27	6.61	M	21
135	CI	6.79	8.4	5.88	8.66	M	21
135	1PMI	6.51	7.45	5.21	7.27	M	21
135	2PMI	7.32	8.39	4.94	7.71	M	21
135	1MI	11.17	10.81	9.61	9.48	M	21
135	2MI	10.19	9.82	9.28	9.9	M	21
135	1IS	8.29	7.26	6.41	6.55	M	21
135	2IS	6.5	6.45	4.69	5.69	M	21
135	CS	8.67	9.62	6.58	9.41	M	21
135	1PMS	6.33	8.89	4.93	8.54	M	21
135	2PMS	6.46	8.61	4.6	8.47	M	21
135	1MS	10.39	11.37	7.98	11.42	M	21
135	2MS	7.77	11.42	6.91	11.2	M	21
136	1II	5.51	6.37	4.2	5.78	F	19
136	2II	6.32	6.31	4.71	6.07	F	19
136	CI	6.43	7.12	4.59	6.69	F	19
136	1PMI	6.7	7.24	4.58	6.2	F	19
136	2PMI	6.8	8.26	4.66	7.32	F	19
136	1MI	11.76	10.96	10.35	9.49	F	19
136	2MI	10.89	10.77	9.46	9.86	F	19
136	1IS	8.48	7.27	7.12	6.64	F	19
136	2IS	7.52	6.1	6.21	5.84	F	19
136	CS	8.26	7.95	5.88	7.86	F	19
136	1PMS	6.67	8.69	4.47	7.9	F	19
136	2PMS	6.55	8.77	4.5	8.3	F	19
136	1MS	10.87	12.25	8.28	11.01	F	19
136	2MS	9.45	12.36	8.06	10.74	F	19
137	1II	5.1	6.37	3.5	6.34	M	19
137	2II	5.9	6.43	4.2	6.55	M	19
137	CI	6.65	8.33	6.06	8.23	M	19
137	1PMI	7.09	7.87	5.22	7.42	M	19
137	2PMI	7.6	8.38	5.65	7.26	M	19
137	1MI	11.98	10.67	9.65	9.42	M	19
137	2MI	11.9	9.95	9.84	9.65	M	19
137	1IS	8.8	7.23	6.4	6.56	M	19
137	2IS	6.11	6.2	4.3	5.3	M	19
137	CS	7.83	8.94	6.44	8.47	M	19
137	1PMS	6.67	9.36	4.87	8.74	M	19
137	2PMS	6.37	9.66	4.67	8.74	M	19
137	1MS	10.39	11.65	7.98	11.59	M	19
137	2MS	10.65	12.28	8.22	12.2	M	19
138	1II	4.83	5.52	3.25	5.04	F	29
138	2II	5.4	6.17	3.77	5.89	F	29
138	CI	6.04	6.67	4.55	6.62	F	29
138	1PMI	5.85	6.83	4.43	6.07	F	29
138	2PMI	6.4	7.55	5.21	7.16	F	29
138	1MI	10.01	9.7	8.38	9.01	F	29
138	2MI	10.7	9.47	9.2	9.06	F	29
138	1IS	7.6	7	5.4	6.22	F	29
138	2IS	6.42	6	4.6	5.3	F	29
138	CS	7.08	7.46	5.03	6.94	F	29
138	1PMS	5.9	8.11	4.33	7.52	F	29
138	2PMS	6.02	8.3	4.44	7.89	F	29
138	1MS	9.88	10.39	7.77	10.05	F	29
138	2MS	9.6	10.33	7.55	10.16	F	29
139	1II	4.91	5.55	3.47	5.09	F	35
139	2II	6	5.71	3.21	5.32	F	35
139	CI	7.05	7.83	5.48	7.42	F	35
139	1PMI	6.4	7.11	4.66	5.83	F	35
139	2PMI	6.17	8.09	4.32	7.4	F	35
139	1MI	10.23	9.63	8.54	9.05	F	35
139	2MI	10.6	9.66	8.49	9.22	F	35
139	1IS	7.6	6.7	5.24	6.21	F	35
139	2IS	5.9	6.22	3.65	5.73	F	35
139	CS	7.04	7.51	4.55	7.08	F	35
139	1PMS	5.69	8.28	4.33	7.42	F	35
139	2PMS	5.7	8.2	4.47	7.45	F	35
139	1MS	9.77	10.12	7.07	9.55	F	35
139	2MS	8.06	10.49	7.66	9.52	F	35
140	1II	5.17	5.8	3.49	5.42	M	32
140	2II	5.59	6.09	4.13	5.9	M	32
140	CI	7.37	7.9	6.72	7.79	M	32
140	1PMI	6.5	7.71	5.12	6.84	M	32
140	2PMI	7.41	8.82	5.11	8.11	M	32
140	1MI	11.64	10.89	10.42	9.66	M	32
140	2MI	11.1	10.71	9.39	10.19	M	32
140	1IS	8.58	7.66	6.21	6.59	M	32
140	2IS	6.77	6.69	5.45	6.27	M	32
140	CS	8.56	9.28	6.81	8.58	M	32
140	1PMS	6.75	9.11	5.4	8.55	M	32
140	2PMS	6.6	9.28	5.2	8.88	M	32
140	1MS	10.39	11.89	8.42	11.91	M	32
140	2MS	10.31	12.49	8.37	12.68	M	32
141	1II	5.83	6.82	3.6	6.02	F	27
141	2II	6.5	6.7	4.44	6.51	F	27
141	CI	7.22	8.04	5.42	8	F	27
141	1PMI	7.21	8	5	6.39	F	27
141	2PMI	8.39	8.94	5.1	8.46	F	27
141	1MI	12.52	11.05	9.51	10.32	F	27
141	2MI	13.47	11.74	10.4	9.79	F	27
141	1IS	9.88	7.62	7.2	6.66	F	27
141	2IS	7.3	6.55	5.59	5.8	F	27
141	CS	8.08	9.09	5.69	8.27	F	27
141	1PMS	7.47	9.4	4.77	8.59	F	27
141	2PMS	7.12	9.72	5	8.62	F	27
141	1MS	9.51	10.01	7.01	9.38	F	27
141	2MS	11.2	11.99	8.08	11.81	F	27
142	1II	5.01	5.43	3.48	4.93	F	17
142	2II	5.49	6.3	3.8	5.7	F	17
142	CI	6.22	7.89	5.4	6.98	F	17
142	1PMI	6.5	7.32	4.5	6.77	F	17
142	2PMI	6.72	7.76	5.08	7.46	F	17
142	1MI	10.21	10.03	8.21	9.06	F	17
142	2MI	10.33	9.63	9.41	9.01	F	17
142	1IS	7.87	6.82	5.43	5.7	F	17
142	2IS	5.7	6.29	4.35	5.91	F	17
142	CS	7.32	7.67	5.02	6.62	F	17
142	1PMS	6.42	8.99	4.62	8.27	F	17
142	2PMS	6.21	8.71	4.08	7.73	F	17
142	1MS	9.76	10.55	7.41	10.02	F	17
142	2MS	9.81	10.82	7.51	10.25	F	17
143	1II	5.5	5.79	3.44	5.45	F	22
143	2II	5.9	6.27	3.67	5.93	F	22
143	CI	6.22	7.21	5.02	7.15	F	22
143	1PMI	6.77	7.61	5.27	6.55	F	22
143	2PMI	6.7	7.54	5.33	6.9	F	22
143	1MI	10.32	9.77	8.82	8.66	F	22
143	2MI	10.38	9.58	9.4	8.67	F	22
143	1IS	7.91	7	5.9	6.78	F	22
143	2IS	5.5	6.4	3.8	5.78	F	22
143	CS	7.18	7.71	5.09	7.51	F	22
143	1PMS	6.61	8.75	4.55	8.02	F	22
143	2PMS	6.32	8.78	5.02	8.26	F	22
143	1MS	9.19	10.47	7.05	10.22	F	22
143	2MS	9.44	10.38	7.48	10.33	F	22
144	1II	4.76	5.78	3.37	6.41	M	36
144	2II	5.29	6.11	3.59	6.61	M	36
144	CI	7.31	7.97	5.57	7.96	M	36
144	1PMI	7.38	8.73	5.15	7.72	M	36
144	2PMI	6.99	8.89	5.75	8.21	M	36
144	1MI	11.66	10.99	10.21	10.29	M	36
144	2MI	12.33	11.78	10.84	11.22	M	36
144	1IS	7.9	7.61	7.09	6.77	M	36
144	2IS	5.79	7.55	4.39	7.11	M	36
144	CS	7.99	8.81	6.39	8.69	M	36
144	1PMS	7.21	9.99	5.47	8.89	M	36
144	2PMS	6.77	9.79	5.25	9.32	M	36
144	1MS	10.97	12.12	8.39	12.11	M	36
144	2MS	10.65	12.33	8.67	11.57	M	36
145	1II	4.64	6.63	3.29	6.22	M	25
145	2II	5.46	6.77	3.5	6.41	M	25
145	CI	6.41	8.92	5.55	8.78	M	25
145	1PMI	6.27	7.82	4.71	6.62	M	25
145	2PMI	5.94	8.11	4.9	7.33	M	25
145	1MI	11.31	10.59	9.37	10.29	M	25
145	2MI	10.44	10.45	9.77	10.12	M	25
145	1IS	8.12	7.31	5.74	6.48	M	25
145	2IS	5.34	6.51	4.3	6.33	M	25
145	CS	7.32	8.59	5.33	8.39	M	25
145	1PMS	6.19	8.77	4.41	7.91	M	25
145	2PMS	5.8	9.26	4.86	8.44	M	25
145	1MS	10.99	11.88	8.79	11.51	M	25
145	2MS	9.89	11.89	7.8	11.88	M	25
146	1II	5.3	5.01	3.45	5.01	F	23
146	2II	5.75	5.5	3.61	5.11	F	23
146	CI	6.29	6.66	4.7	6.42	F	23
146	1PMI	6.71	7.21	4.42	6.02	F	23
146	2PMI	6.6	7.86	4.83	7.06	F	23
146	1MI	10.04	10.11	8.04	8.51	F	23
146	2MI	10.46	9.41	8.61	9	F	23
146	1IS	8.21	6.48	5.77	6.11	F	23
146	2IS	6.4	5.68	4.55	5.28	F	23
146	CS	7.11	7.2	5.2	6.43	F	23
146	1PMS	6.72	8.61	4.68	7.66	F	23
146	2PMS	6.3	8.89	4.46	7.71	F	23
146	1MS	9.77	10.51	7.41	10.19	F	23
146	2MS	9.97	10.42	7.91	10.44	F	23
147	1II	5.14	4.9	3.2	5.72	M	24
147	2II	5.85	6.09	3.3	5.8	M	24
147	CI	6.87	7.81	5.03	7.66	M	24
147	1PMI	7.08	7.99	5.1	6.66	M	24
147	2PMI	6.43	8.38	5.11	7.37	M	24
147	1MI	12.05	10.92	9.61	9.78	M	24
147	2MI	10.99	10.42	9.51	10.18	M	24
147	1IS	9.21	7.29	6.32	6.58	M	24
147	2IS	6.45	6.19	5.15	5.77	M	24
147	CS	7.96	8.69	5.85	8.33	M	24
147	1PMS	6.7	9.55	5.25	8.44	M	24
147	2PMS	6.6	9.31	4.99	8.72	M	24
147	1MS	10.77	12.28	11.87	8.27	M	24
147	2MS	10.38	12.19	7.64	12.16	M	24
148	1II	5.3	5.55	3.01	5.29	F	16
148	2II	6.27	6.13	3.64	5.9	F	16
148	CI	6.39	7.18	4.53	6.12	F	16
148	1PMI	6.6	7.4	4.68	6.3	F	16
148	2PMI	7.2	7.77	5.12	6.7	F	16
148	1MI	10.7	10.17	8.33	8.47	F	16
148	2MI	9.9	9.25	8.71	9.44	F	16
148	1IS	8.9	7.51	6.48	6.27	F	16
148	2IS	7.66	6.35	4.51	6.2	F	16
148	CS	7.55	8.13	5	7.28	F	16
148	1PMS	7.19	8.81	4.99	8.04	F	16
148	2PMS	7.27	9.11	4.55	7.48	F	16
148	1MS	10.02	10.59	7.51	10.55	F	16
148	2MS	8.79	10.11	7.07	10.41	F	16
149	1II	4.57	6.26	3.48	5.91	M	23
149	2II	5.46	6.31	4.2	6.32	M	23
149	CI	6.66	8.19	5.87	8.22	M	23
149	1PMI	6.71	8.41	5.47	7.55	M	23
149	2PMI	6.92	8.69	6.06	7.7	M	23
149	1MI	10.79	10.69	9.77	10.45	M	23
149	2MI	11.21	10.44	9.56	10.34	M	23
149	1IS	7.27	7.54	6.39	6.74	M	23
149	2IS	5.91	7.27	4.3	7.49	M	23
149	CS	6.77	8.32	5.51	7.92	M	23
149	1PMS	6.71	9.39	5.66	8.79	M	23
149	2PMS	6.37	9.38	4.99	8.96	M	23
149	1MS	10.38	11.99	9.28	11.73	M	23
149	2MS	10.36	12.59	9.23	12.69	M	23
150	1II	5.25	5.37	3.37	5.15	M	19
150	2II	5.61	5.88	3.51	5.88	M	19
150	CI	7.33	7.27	5.49	7.08	M	19
150	1PMI	6.46	7.19	4.21	6.06	M	19
150	2PMI	6.59	7.37	4.63	6.77	M	19
150	1MI	10.69	9.38	7.79	8.69	M	19
150	2MI	10.01	8.62	7.85	7.92	M	19
150	1IS	7.27	6.28	5.69	5.8	M	19
150	2IS	6.19	5.95	4.45	5.79	M	19
150	CS	6.42	7.06	4.69	6.91	M	19
150	1PMS	6.53	8.67	4.49	7.61	M	19
150	2PMS	6.08	8.55	4.24	7.91	M	19
150	1MS	9.54	10.42	8.28	9.77	M	19
150	2MS	8.51	9.49	6.86	8.82	M	19
151	1II	5.59	5.8	3.06	4.61	F	27
151	2II	6.32	6.41	3.44	6	F	27
151	CI	6.38	7.66	5.19	7.51	F	27
151	1PMI	6.61	7.88	5.17	7.25	F	27
151	2PMI	6.71	8.25	5.01	7.41	F	27
151	1MI	11.22	10.38	9.25	9.3	F	27
151	2MI	11.01	10.29	9.66	9.77	F	27
151	1IS	9.2	7.4	7.1	6.44	F	27
151	2IS	6.48	6.37	4.74	5.18	F	27
151	CS	7.49	7.6	5.52	7.66	F	27
151	1PMS	6.5	8.77	5.1	7.78	F	27
151	2PMS	6.46	9.44	4.66	9.2	F	27
151	1MS	9.61	11.43	7.55	10.76	F	27
151	2MS	9.8	10.8	7.76	12.01	F	27
152	1II	5.48	5.89	4.15	5.76	M	28
152	2II	5.94	6.84	3.95	6.67	M	28
152	CI	6.89	7.96	5.48	7.89	M	28
152	1PMI	6.66	7.9	4.78	6.94	M	28
152	2PMI	6.73	8.8	5.47	8.36	M	28
152	1MI	10.79	10.13	9.49	8.66	M	28
152	2MI	10.5	10.11	9.8	9.49	M	28
152	1IS	8.39	7.23	7.28	6.8	M	28
152	2IS	6.65	5.93	5.22	5.69	M	28
152	CS	7.69	8.7	6.33	8.21	M	28
152	1PMS	6.49	8.8	4.77	8.28	M	28
152	2PMS	6.39	9.44	5.01	8.82	M	28
152	1MS	9.99	11.12	7.99	10.66	M	28
152	2MS	8.6	11.44	8.23	11.18	M	28
153	1II	5.12	5.89	3.57	5.31	F	27
153	2II	5.69	5.9	3.66	5.8	F	27
153	CI	5.97	6.43	4.69	6.33	F	27
153	1PMI	5.9	7.12	4.9	6.41	F	27
153	2PMI	6.29	7.8	5	7.08	F	27
153	1MI	10.21	10	8.84	9.21	F	27
153	2MI	10.4	9.47	8.81	9.09	F	27
153	1IS	8.5	6.88	6.4	6.84	F	27
153	2IS	5.87	6.21	4.55	6.08	F	27
153	CS	7.05	7.51	5.12	7.33	F	27
153	1PMS	5.87	7.89	4.55	7.7	F	27
153	2PMS	5.8	8.77	4.56	7.77	F	27
153	1MS	9.86	10.41	7.08	10.42	F	27
153	2MS	10.06	10.33	7.44	10.11	F	27
154	1II	4.99	5.33	3.27	5.1	M	27
154	2II	5.8	5.89	3.72	5.99	M	27
154	CI	7.16	7.73	5.69	7.56	M	27
154	1PMI	5.9	7.81	4.55	7.23	M	27
154	2PMI	6.11	8.31	4.5	7.61	M	27
154	1MI	10.98	10.31	9.04	9.71	M	27
154	2MI	10.13	10.11	8.79	9.71	M	27
154	1IS	8.03	7.12	5.44	5.91	M	27
154	2IS	6.41	5.77	4.12	5.6	M	27
154	CS	7.65	8.47	5.77	8.13	M	27
154	1PMS	6.33	8.61	4.7	7.8	M	27
154	2PMS	6.13	9.07	4.51	8.35	M	27
154	1MS	8.88	11.19	7.1	10.99	M	27
154	2MS	9.65	10.84	7.78	10.16	M	27
155	1II	5.03	5.89	3.69	5.11	M	19
155	2II	4.91	5.29	3.74	5.25	M	19
155	CI	7.33	7.61	5.26	7.39	M	19
155	1PMI	5.86	7.2	4.48	6.91	M	19
155	2PMI	5.77	7.38	4.89	6.89	M	19
155	1MI	9.99	10.1	8.89	8.57	M	19
155	2MI	8.77	8.64	7.33	7.79	M	19
155	1IS	7.99	6.55	6.54	5.71	M	19
155	2IS	6	5.62	4.51	5.51	M	19
155	CS	6.44	7.72	6.24	7.59	M	19
155	1PMS	6.2	8.22	4.43	7.55	M	19
155	2PMS	5.3	8.13	4.44	8.22	M	19
155	1MS	10.52	10.28	7.88	9.93	M	19
155	2MS	8.81	9.67	6.78	9.68	M	19
156	1II	4.91	5.46	3.61	5.46	M	22
156	2II	5.19	5.91	3.83	5.82	M	22
156	CI	6.44	7.28	5.66	7.32	M	22
156	1PMI	6.28	6.5	4.56	6.13	M	22
156	2PMI	6.47	7.91	4.69	6.91	M	22
156	1MI	10.58	9.71	8.32	9.29	M	22
156	2MI	9.59	9.44	9.48	9.33	M	22
156	1IS	7.7	6.78	6.12	6.2	M	22
156	2IS	6.09	6.13	5.14	5.69	M	22
156	CS	7.16	7.88	5.38	7.61	M	22
156	1PMS	6.37	8.59	4.8	7.56	M	22
156	2PMS	5.8	9.18	4.21	8.66	M	22
156	1MS	9.47	11.31	7.62	10.91	M	22
156	2MS	9.1	10.59	7.99	10.54	M	22
157	1II	5.14	5.77	3.14	5.35	M	19
157	2II	5.78	5.82	3.81	5.81	M	19
157	CI	6.77	7.89	6.24	7.83	M	19
157	1PMI	6.3	7.03	4.66	6.73	M	19
157	2PMI	6.2	7.15	4.56	6.59	M	19
157	1MI	11.55	9.98	10.43	9.57	M	19
157	2MI	10.5	9.11	9.66	9.07	M	19
157	1IS	8.55	7.15	6.57	6.28	M	19
157	2IS	6.19	6.67	3.82	6.08	M	19
157	CS	7.76	7.89	6.32	7.88	M	19
157	1PMS	6.4	8.78	5.43	7.99	M	19
157	2PMS	5.74	8.23	5.8	8.08	M	19
157	1MS	9.99	10.75	8.35	10.69	M	19
157	2MS	10.12	10.87	9.23	10.9	M	19
158	1II	5.38	5.55	3.38	5.37	M	27
158	2II	5.6	5.71	3.69	5.52	M	27
158	CI	6.58	7.48	5.31	6.94	M	27
158	1PMI	6.5	7.21	4.63	6.51	M	27
158	2PMI	7.46	8.23	5	7.12	M	27
158	1MI	11.31	11.13	9.46	9.81	M	27
158	2MI	11.12	10.32	9.01	9.39	M	27
158	1IS	7.7	6.44	6.89	6.16	M	27
158	2IS	6.2	5.77	4.36	5.52	M	27
158	CS	7.51	7.69	6.17	7.48	M	27
158	1PMS	6.71	8.88	4.65	7.77	M	27
158	2PMS	6.69	9.61	4.77	8.93	M	27
158	1MS	10.61	11.88	7.85	10.99	M	27
158	2MS	9.53	11.73	7.83	11.51	M	27
159	1II	5.57	6.17	3.89	5.6	M	23
159	2II	6.2	6.88	4.53	6.62	M	23
159	CI	6.91	8.37	5.99	8.32	M	23
159	1PMI	6.71	7.66	5.21	6.8	M	23
159	2PMI	7.31	8.31	5.44	7.23	M	23
159	1MI	11.67	10.42	10.12	9.87	M	23
159	2MI	11.72	10.39	9.47	9.73	M	23
159	1IS	8.88	7.54	7.32	6.78	M	23
159	2IS	7.51	6.18	6.21	5.89	M	23
159	CS	7.72	6.95	5.98	9.11	M	23
159	1PMS	7.28	9.22	5.27	8.67	M	23
159	2PMS	6.78	9.89	4.73	9.48	M	23
159	1MS	11.14	11.98	11.11	11.38	M	23
159	2MS	10.13	11.31	8.44	9.97	M	23
160	1II	5	6.22	3.38	5.63	M	29
160	2II	5.59	6.2	3.93	5.83	M	29
160	CI	6.55	7.89	5.88	7.39	M	29
160	1PMI	6.91	7.4	4.76	6.52	M	29
160	2PMI	7.01	8.1	5.13	7.2	M	29
160	1MI	10.67	10.53	9.21	9.99	M	29
160	2MI	10.9	10.32	10.01	9.4	M	29
160	1IS	7.78	7.72	6.11	6.51	M	29
160	2IS	5.6	6.31	4.44	5.44	M	29
160	CS	7.67	8.31	5.99	7.17	M	29
160	1PMS	6.7	8.8	4.66	8.12	M	29
160	2PMS	6.74	9.12	4.93	8.44	M	29
160	1MS	10.14	11.7	8.49	11.15	M	29
160	2MS	9.34	12.1	6.73	11.79	M	29
161	1II	5.32	5.45	3.56	5.41	M	28
161	2II	5.64	5.73	4.06	5.56	M	28
161	CI	6.45	7.45	5.32	6.24	M	28
161	1PMI	6.3	6.73	4.88	6.08	M	28
161	2PMI	6.56	8.11	5.31	7.31	M	28
161	1MI	11.45	10.32	9.09	9.32	M	28
161	2MI	10.67	10.29	8.39	8.99	M	28
161	1IS	8.5	6.92	6.99	6.08	M	28
161	2IS	5.6	6.01	4.53	5.62	M	28
161	CS	7.56	7.82	5.88	8.27	M	28
161	1PMS	6.2	7.89	4.73	7.3	M	28
161	2PMS	6.84	9.69	5.04	8.78	M	28
161	1MS	10.73	11.69	8.38	10.79	M	28
161	2MS	8.3	11.14	7.29	10.59	M	28
162	1II	5.1	5.88	3.54	5.33	F	13
162	2II	5.32	6.01	3.88	5.39	F	13
162	CI	6.31	7.18	5.11	7.07	F	13
162	1PMI	6.31	7.72	5.09	6.71	F	13
162	2PMI	6.9	8.56	6.01	7.61	F	13
162	1MI	10.01	10.06	9.32	9.7	F	13
162	2MI	10.4	9.88	9.81	10.02	F	13
162	1IS	8.2	7.04	6.45	6.51	F	13
162	2IS	6.73	6.62	5.18	6.47	F	13
162	CS	7.19	8.03	5.66	7.49	F	13
162	1PMS	6.11	9	4.66	8.09	F	13
162	2PMS	6.3	9.79	4.52	9.07	F	13
162	1MS	9.77	11.27	8.11	11.09	F	13
162	2MS	9.5	11.11	8.54	11.32	F	13
163	1II	5.39	5.59	3.2	5.35	F	24
163	2II	5.73	6.4	3.25	5.83	F	24
163	CI	6.02	7.01	4.45	6.77	F	24
163	1PMI	6.38	6.69	4.75	6.09	F	24
163	2PMI	6.4	7.65	4.57	6.54	F	24
163	1MI	10.12	10.01	8.12	9.03	F	24
163	2MI	9.92	9.49	8.45	8.97	F	24
163	1IS	8.23	7.13	5.6	6.01	F	24
163	2IS	5.28	6.51	3.92	5.75	F	24
163	CS	7	7.11	4.88	6.88	F	24
163	1PMS	6.05	8.33	4.5	7.68	F	24
163	2PMS	6.2	8.46	4.39	7.81	F	24
163	1MS	9.77	10.11	7.08	9.71	F	24
163	2MS	9.1	10.3	7.12	10.08	F	24
164	1II	4.97	5.48	3.31	5.62	M	37
164	2II	5.71	6.16	3.98	5.68	M	37
164	CI	6.98	7.99	5.42	7.98	M	37
164	1PMI	6.52	7.39	5.29	6.59	M	37
164	2PMI	7.12	8.59	5.06	7.71	M	37
164	1MI	11.45	10.59	9.59	9.68	M	37
164	2MI	9.91	10.32	9.42	10.17	M	37
164	1IS	8.94	7.22	6.74	6.59	M	37
164	2IS	6.12	6.29	4.92	5.78	M	37
164	CS	7.77	8.67	5.88	8.32	M	37
164	1PMS	6.61	9.19	5.21	8.26	M	37
164	2PMS	6.23	9.45	4.98	9.31	M	37
164	1MS	10.32	11.42	8.66	10.91	M	37
164	2MS	9.67	11.15	8.77	10.39	M	37
165	1II	5.74	7.12	3.81	6.69	M	17
165	2II	6.85	6.44	4.54	6.48	M	17
165	CI	6.88	7.99	5.97	7.86	M	17
165	1PMI	6.95	8.35	5.77	8.43	M	17
165	2PMI	7.38	8.61	5.59	8.28	M	17
165	1MI	11.98	11.55	10.05	10.43	M	17
165	2MI	11.3	10.91	10.18	10.71	M	17
165	1IS	9.31	8.29	7.12	7.49	M	17
165	2IS	7.16	6.66	5.57	6.59	M	17
165	CS	7.98	9.26	6.21	8.76	M	17
165	1PMS	6.49	8.75	4.81	8.51	M	17
165	2PMS	5.21	9.51	5.27	9.38	M	17
165	1MS	11.32	12.29	8.59	11.88	M	17
165	2MS	10.55	12.31	8.91	12.08	M	17
166	1II	5.34	6.11	3.21	5.69	F	26
166	2II	6.51	6.51	3.56	6.33	F	26
166	CI	6.31	7.61	5.09	7.53	F	26
166	1PMI	7.01	8.16	5.09	7.31	F	26
166	2PMI	7.1	8.55	5.1	8.08	F	26
166	1MI	10.72	10.21	9.71	9.51	F	26
166	2MI	10.8	10.11	9.81	9.66	F	26
166	1IS	8.88	7.61	6.45	6.92	F	26
166	2IS	7.2	6.72	4.88	6.5	F	26
166	CS	7.28	8.37	5.62	7.88	F	26
166	1PMS	7.2	9.81	5.18	9.21	F	26
166	2PMS	6.51	9.32	4.75	9	F	26
166	1MS	10.09	10.56	7.66	10.79	F	26
166	2MS	9.2	10.67	8	11.1	F	26
167	1II	4.9	5.12	3.01	4.71	F	18
167	2II	5.58	5.66	3.44	3.61	F	18
167	CI	6.12	6.67	4.59	6.66	F	18
167	1PMI	6.4	6.01	4.12	6.12	F	18
167	2PMI	6.23	7.45	4.77	6.84	F	18
167	1MI	10.56	9.89	8.02	9.68	F	18
167	2MI	9.55	8.69	8.44	8.66	F	18
167	1IS	8.2	6.3	6.04	5.42	F	18
167	2IS	6.54	5.38	4.2	5.01	F	18
167	CS	6.94	7.49	5.03	7.02	F	18
167	1PMS	6.51	7.77	4.23	7.08	F	18
167	2PMS	5.81	8.11	4.21	7.67	F	18
167	1MS	10.09	10.97	7.94	10.21	F	18
167	2MS	8.21	10.01	6.45	9.95	F	18
168	1II	5.99	5.96	3.67	5.64	M	19
168	2II	6.55	6.11	4.26	5.98	M	19
168	CI	7.29	7.75	5.95	7.72	M	19
168	1PMI	6.98	7.38	5.15	6.68	M	19
168	2PMI	6.9	8.13	4.64	7.22	M	19
168	1MI	11.23	10.34	9.28	9.59	M	19
168	2MI	10.19	9.8	8.67	9.55	M	19
168	1IS	9.89	6.98	6.8	5.88	M	19
168	2IS	5.9	6.3	4.88	5.7	M	19
168	CS	8.32	7.79	5.98	7.89	M	19
168	1PMS	6.66	8.77	5.32	8.22	M	19
168	2PMS	6.77	8.79	4.82	8.27	M	19
168	1MS	10.55	11.43	7.98	11.31	M	19
168	2MS	8.7	10.91	7.65	10.67	M	19
169	1II	5.24	5.45	3.43	5.22	M	27
169	2II	5.93	5.96	4.09	5.74	M	27
169	CI	6.97	7.66	5.76	5.51	M	27
169	1PMI	6.75	7.46	4.72	6.9	M	27
169	2PMI	7.1	7.8	4.8	7.18	M	27
169	1MI	10.69	9.91	8.98	9.68	M	27
169	2MI	10.4	9.4	9.49	9.49	M	27
169	1IS	8.22	6.64	5.79	6.16	M	27
169	2IS	6.7	5.86	4.67	5.79	M	27
169	CS	7.97	8.52	5.67	8.32	M	27
169	1PMS	7.13	9.23	4.77	8.39	M	27
169	1MS	9.94	11.31	8.45	11.21	M	27
169	2MS	9.03	10.95	8.92	10.81	M	27
170	1II	5.32	5.42	3.51	5.06	F	15
170	2II	5.4	5.6	3.2	5.5	F	15
170	CI	6.06	7.02	4.89	6.77	F	15
170	1PMI	6	7.27	4.83	6.55	F	15
170	2PMI	7.01	7.85	5.11	7.16	F	15
170	1MI	10.01	9.32	8.11	8.59	F	15
170	2MI	10.23	9.42	8.71	9	F	15
170	1IS	8.22	6.8	6.1	6.2	F	15
170	2IS	6.01	5.97	4.41	5.6	F	15
170	CS	6.76	7.51	5.02	7.12	F	15
170	1PMS	6.5	8.5	4.3	7.85	F	15
170	2PMS	6.55	8.72	4.31	7.6	F	15
170	1MS	9.56	10.11	7.33	10.01	F	15
170	2MS	8.6	11.1	8.2	11.3	F	15
171	1II	5.61	6.41	4.15	6.3	M	22
171	2II	6.11	6.8	4.1	6.43	M	22
171	CI	7.7	8.85	6.58	8.99	M	22
171	1PMI	7.5	7.97	5.8	7.7	M	22
171	2PMI	7.28	8.3	5.6	7.8	M	22
171	1MI	11.87	10.9	10.33	10.22	M	22
171	2MI	11.77	10.22	10.66	10.14	M	22
171	1IS	9.09	8.34	7.19	7.44	M	22
171	2IS	7.6	6.39	5.66	7.55	M	22
171	CS	8.59	9.55	6.99	9.49	M	22
171	1PMS	7.5	9.9	5.49	8.99	M	22
171	2PMS	6.4	9.69	5.31	9.12	M	22
171	1MS	11.18	11.59	8.99	11.98	M	22
171	2MS	11.32	11.89	9.88	11.8	M	22
172	1II	5	5.48	3.61	4.9	F	19
172	2II	5.5	6.2	3.77	6.27	F	19
172	CI	6.02	7.04	4.66	6.52	F	19
172	1PMI	6.4	7.42	4.8	6.1	F	19
172	2PMI	6.4	7.56	4.6	5.98	F	19
172	1MI	9.78	9.03	7.79	8.03	F	19
172	2MI	9.9	9.06	8.1	8.37	F	19
172	1IS	7.7	6.8	6.1	6.54	F	19
172	2IS	5.4	5.87	4.12	5.5	F	19
172	CS	6.53	7.65	5.03	6.67	F	19
172	1PMS	6.2	8.31	5.13	7.22	F	19
172	2PMS	6.5	8.77	4.5	8.12	F	19
172	1MS	9.01	9.77	6.87	9.23	F	19
172	2MS	8.97	10.1	7.12	9.66	F	19
173	1II	4.6	4.77	3.58	5.04	F	25
173	2II	5.55	5.46	4.14	5.38	F	25
173	CI	6.02	6.45	4.92	6.32	F	25
173	1PMI	6.19	7.17	4.5	6.55	F	25
173	2PMI	6.5	7.76	5.28	7.21	F	25
173	1MI	10.58	10.16	9.27	9.55	F	25
173	2MI	10.75	9.97	9.4	9.6	F	25
173	1IS	7.87	6.7	4.3	5.6	F	25
173	2IS	5.98	5.6	4.66	5.11	F	25
173	CS	7.03	7.34	5.32	6.55	F	25
173	1PMS	6.06	8.22	4.5	7.7	F	25
173	2PMS	6.41	8.7	5.19	8.11	F	25
173	1MS	10.03	10.78	8.06	10.53	F	25
173	2MS	9.6	11	8.27	11.05	F	25
174	1II	5.1	6.4	3.3	5.9	M	38
174	2II	5.98	6.71	6.66	6.55	M	38
174	CI	7.18	8.71	5.77	8.17	M	38
174	1PMI	6.97	7.61	5.17	6.85	M	38
174	2PMI	7.54	7.88	5.29	7.08	M	38
174	1MI	12.25	10.99	10.32	9.88	M	38
174	2MI	11.8	10.77	10.33	10.61	M	38
174	1IS	8.34	7.66	6.79	7.05	M	38
174	2IS	7.2	6.65	5.5	6.32	M	38
174	CS	7.98	8.56	5.99	8.19	M	38
174	1PMS	6.85	8.92	4.75	7.9	M	38
174	2PMS	6.46	9.3	4.89	8.56	M	38
174	1MS	10.59	11.36	8.68	10.89	M	38
174	2MS	9.59	11.31	9.3	10.88	M	38
175	1II	5.02	6.02	3.25	5.13	F	28
175	2II	5.8	6.3	3.7	5.9	F	28
175	CI	6.42	7.27	4.49	6.58	F	28
175	1PMI	6.8	7.55	4.61	6.4	F	28
175	2PMI	6.56	7.79	4.82	6.97	F	28
175	1MI	11.54	10.33	9.08	8.77	F	28
175	2MI	10.66	10.67	9.54	9.5	F	28
175	1IS	7.9	7.03	5.77	6.18	F	28
175	2IS	7.17	6.29	4.63	5.39	F	28
175	CS	6.48	7.48	4.79	6.67	F	28
175	1PMS	6.47	9.1	4.39	7.58	F	28
175	2PMS	6.21	8.89	4.45	7.62	F	28
175	1MS	10.12	10.96	7.54	10.11	F	28
175	2MS	10.9	11.6	9.03	11.02	F	28
176	1II	5.4	5.6	3.66	5.56	M	24
176	2II	5.88	6.28	4.12	5.77	M	24
176	CI	6.59	7.18	4.91	7.21	M	24
176	1PMI	6.5	7.7	5.02	7.1	M	24
176	2PMI	6.88	8.12	5.21	7.28	M	24
176	1MI	11.33	10.37	8.98	9.13	M	24
176	2MI	11.1	10.44	9.37	9.82	M	24
176	1IS	8.98	6.77	6.52	6.31	M	24
176	2IS	6.54	6.21	4.58	6.12	M	24
176	CS	7.87	6.27	5.69	7.72	M	24
176	1PMS	6.6	8.93	5.08	8.47	M	24
176	2PMS	6.07	9.29	4.98	8.55	M	24
176	1MS	11.49	10.61	7.79	10.86	M	24
176	2MS	10.71	10.9	6.4	10.67	M	24
177	1II	5.6	5.7	3.44	5.45	M	33
177	2II	5.91	5.88	3.59	5.39	M	33
177	CI	6.84	7.77	5.52	7.53	M	33
177	1PMI	6.7	7.19	4.88	6.58	M	33
177	2PMI	7.29	8.25	5.2	7.2	M	33
177	1MI	11.44	10.68	9.39	9.83	M	33
177	2MI	10.7	10.22	9.21	9.49	M	33
177	1IS	8.39	7.28	6.22	6.29	M	33
177	2IS	6.1	6.21	4.33	5.66	M	33
177	CS	7.61	7.78	5.52	7.54	M	33
177	1PMS	6.5	8.5	4.79	7.59	M	33
177	2PMS	6.6	9.29	4.9	8.47	M	33
177	1MS	10.86	11.47	8.39	11.22	M	33
177	2MS	9.7	11.46	7.32	10.89	M	33
178	1II	4.95	5.73	3.1	5.76	M	25
178	2II	5.29	6.15	3.69	5.88	M	25
178	CI	6.58	7.67	5.46	7.31	M	25
178	1PMI	6.6	8.26	5.55	7.1	M	25
178	2PMI	6.99	8.55	4.91	7.15	M	25
178	1MI	10.69	9.98	8.51	9.13	M	25
178	2MI	9.89	9.81	8.78	9.41	M	25
178	1IS	7.71	7.49	5.99	6.77	M	25
178	2IS	6.17	6.49	4.45	6.11	M	25
178	CS	7.57	8.57	6.08	8.35	M	25
178	1PMS	6.7	9.7	5.29	8.41	M	25
178	2PMS	6.46	9.59	4.62	8.73	M	25
178	1MS	9.45	11.59	7.89	11.37	M	25
178	2MS	9.51	11.3	7.6	10.72	M	25
179	1II	5.62	5.7	3.5	5.62	M	56
179	2II	6.2	6.17	4.41	6.17	M	56
179	CI	7.12	7.77	5.51	7.68	M	56
179	1PMI	7	7.25	5.12	7.45	M	56
179	2PMI	7.4	8.15	5.65	7.61	M	56
179	1MI	11.66	10.54	9.59	8.79	M	56
179	1IS	9.1	7.38	6.97	7.66	M	56
179	2IS	7.93	7.27	5.66	6.37	M	56
179	CS	7.98	8.87	6.5	8.54	M	56
179	1PMS	6.8	8.51	5.2	7.87	M	56
179	2PMS	7.2	10.11	5.19	9.4	M	56
179	1MS	9.93	12.62	7.56	11.67	M	56
179	2MS	9.12	12.31	12.29	12.39	M	56
180	1II	5.8	6.56	4.2	6.49	M	30
180	2II	6.21	6.31	4.44	6.34	M	30
180	CI	7.39	8.58	5.87	8.51	M	30
180	1PMI	7.5	8.47	5.61	7.59	M	30
180	2PMI	7.4	8.98	5.91	8.01	M	30
180	1MI	11.47	11.48	9.64	10.5	M	30
180	2MI	11.69	10.5	10.06	10.11	M	30
180	1IS	9.46	7.92	6.97	7.57	M	30
180	2IS	6.47	7.23	4.99	6.25	M	30
180	CS	8.13	9.49	6.55	8.79	M	30
180	1PMS	7.12	9.81	5.14	8.6	M	30
180	2PMS	6.9	10.39	4.87	9.55	M	30
180	1MS	10.88	12.23	8.19	11.77	M	30
180	2MS	9.55	13.41	8.2	12.8	M	30
181	1II	5.4	5.7	3.22	5.21	F	19
181	2II	5.77	6.66	3.3	5.92	F	19
181	CI	6.54	7.61	4.77	7.05	F	19
181	1PMI	7.02	7.68	4.34	6.51	F	19
181	2PMI	7.32	8.01	4.61	7.06	F	19
181	1MI	11.11	10.48	9.23	9.43	F	19
181	2MI	11.21	10.31	8.48	9.23	F	19
181	1IS	8.5	7.36	5.92	6.8	F	19
181	2IS	5.91	6.11	3.93	5.59	F	19
181	CS	7.55	8.22	4.88	7.32	F	19
181	1PMS	6.8	8.4	4	7.43	F	19
181	2PMS	6.42	8.36	4.5	7.8	F	19
181	1MS	11.22	11.01	7.55	10.88	F	19
181	2MS	10.82	11.2	7.2	10.5	F	19
182	1II	5.38	6.33	3.45	5.68	F	34
182	2II	5.73	6.78	4.08	6.44	F	34
182	CI	6.33	7.51	5.03	7.26	F	34
182	1PMI	6.7	7.49	4.54	6.49	F	34
182	2PMI	7.06	8.45	4.86	7.04	F	34
182	1MI	11.51	11.21	9.12	9.21	F	34
182	2MI	10.99	10.85	9.35	9.4	F	34
182	1IS	8.79	7.85	6.41	6.55	F	34
182	2IS	5.37	6.48	4.71	6.21	F	34
182	CS	7.03	8.44	5.22	7.37	F	34
182	1PMS	7	8.89	4.43	7.72	F	34
182	2PMS	6.26	9.1	4.96	8.91	F	34
182	1MS	10.72	12.06	7.45	10.62	F	34
182	2MS	9.81	11.7	6.69	10.92	F	34
183	1II	5.69	6.26	3.6	6.08	M	40
183	2II	6.69	6.98	3.7	6.86	M	40
183	CI	7.55	9.48	6.27	7.97	M	40
183	1PMI	6.88	7.93	5.12	7.8	M	40
183	2PMI	7.4	7.81	5.67	7.75	M	40
183	1MI	10.77	10.49	8.87	9.48	M	40
183	2MI	10.42	10.71	9.29	9.91	M	40
183	1IS	8.58	7.6	5.78	6.77	M	40
183	2IS	6.9	6.96	5.15	6.26	M	40
183	CS	8.55	9.28	6.4	8.48	M	40
183	1PMS	7.16	9.59	5.55	8.88	M	40
183	2PMS	6.5	9.2	5.09	8.76	M	40
183	1MS	10.99	11.5	7.97	10.84	M	40
183	2MS	10.48	11.67	7.66	11.39	M	40
184	1II	5.24	6.14	3.61	5.93	M	34
184	2II	6.4	6.28	4.39	6.44	M	34
184	CI	7.32	8.28	5.81	8.17	M	34
184	1PMI	7.4	7.66	4.94	7.28	M	34
184	2PMI	7.3	7.77	5.31	7.1	M	34
184	1MI	11.55	10.8	9.79	9.19	M	34
184	2MI	10.6	10.1	8.9	9.77	M	34
184	1IS	8.04	7.33	6.28	6.08	M	34
184	2IS	6.79	6.86	5.27	6.04	M	34
184	CS	7.68	8.88	5.91	8.27	M	34
184	1PMS	6.7	9.5	4.6	8.88	M	34
184	2PMS	5.67	9.28	4.69	8.9	M	34
184	1MS	11.18	10.99	8.32	10.79	M	34
184	2MS	9.6	11.03	7.67	9.88	M	34
185	1II	5.6	5.7	3.7	5.6	M	24
185	2II	6.25	6.09	3.8	6.22	M	24
185	CI	7.59	8.37	5.7	8.3	M	24
185	1PMI	6.6	7.3	5.1	6.54	M	24
185	2PMI	7.26	7.8	5.48	7.81	M	24
185	1MI	11.39	10.99	9.75	9.98	M	24
185	2MI	10.72	9.99	9.87	9.91	M	24
185	1IS	9.2	7.3	6.55	6.33	M	24
185	2IS	7.06	6.3	5.6	6.2	M	24
185	CS	8.48	8.88	5.89	8.43	M	24
185	1PMS	6.82	9.17	4.77	8.78	M	24
185	2PMS	6.89	9.38	4.89	9.15	M	24
185	1MS	10.89	12.31	8.17	11.98	M	24
185	2MS	9.56	11.7	7.87	11.37	M	24
186	1II	5.2	5.15	3.08	4.85	F	55
186	2II	6.02	5.26	3.6	5.4	F	55
186	CI	6.68	6.62	4.89	6.66	F	55
186	1PMI	7.4	7	4.77	6.31	F	55
186	2PMI	7	8	5.3	7.05	F	55
186	1MI	10.67	10.02	8.56	8.77	F	55
186	2MI	9.6	9.3	8.6	8.56	F	55
186	1IS	9	6.66	5.89	6.08	F	55
186	2IS	7.9	6.07	4.96	5.77	F	55
186	CS	7.58	7.06	5.22	6.88	F	55
186	1PMS	7.66	9.05	5.01	7.54	F	55
186	2PMS	7.32	9.66	5.24	8.3	F	55
186	1MS	10.27	10.41	6.78	9.88	F	55
186	2MS	9.44	10.45	7.44	9.44	F	55
187	1II	5.55	5.77	3.48	5.66	M	22
187	2II	6.67	6.15	4.11	5.93	M	22
187	CI	7.4	8.2	5.58	8.05	M	22
187	1PMI	6.7	7.8	4.33	7.18	M	22
187	2PMI	6.8	8.55	5.17	7.56	M	22
187	1MI	11.78	10.88	9.99	9.84	M	22
187	2MI	10.8	10.05	10.01	9.88	M	22
187	1IS	8.7	7.3	6.77	6.51	M	22
187	2IS	7.16	6.08	4.99	5.76	M	22
187	CS	8.21	8.54	6.45	8.3	M	22
187	1PMS	6.3	9.06	4.8	7.8	M	22
187	2PMS	6.5	9.55	5.01	8.79	M	22
187	1MS	10.49	11.68	8.27	11.12	M	22
187	2MS	9.2	10.77	7.25	10.85	M	22
188	1II	4.48	6.27	3.23	5.9	M	20
188	2II	5.8	6.6	3.62	6.62	M	20
188	CI	6.97	8.48	5.89	8.33	M	20
188	1PMI	6.67	7.61	5.07	7.13	M	20
188	2PMI	7.2	7.8	5.19	7.72	M	20
188	1MI	10.1	10.29	9.26	10.19	M	20
188	2MI	10.6	10	9.8	9.7	M	20
188	1IS	8.09	7.26	6.37	6.97	M	20
188	2IS	6.3	6.19	4.77	5.83	M	20
188	CS	8.23	8.96	6.69	8.87	M	20
188	1PMS	7.01	8.9	4.93	8.41	M	20
188	2PMS	6.89	9.55	4.79	9.23	M	20
188	1MS	9.78	11.48	7.94	11.36	M	20
188	2MS	9.63	11.3	8.33	11.85	M	20
189	1II	5.1	5.68	3.46	5.62	M	27
189	2II	5.98	6.23	4.34	6.19	M	27
189	CI	6.21	7.79	5.37	7.78	M	27
189	1PMI	5.5	6.56	4.67	6.11	M	27
189	2PMI	6.7	7.89	5.05	7.22	M	27
189	1MI	11.47	9.89	9.17	8.58	M	27
189	2MI	10.29	9.77	9.53	9.66	M	27
189	1IS	8.2	7.19	6.48	6.56	M	27
189	2IS	6.76	5.78	5.21	5.36	M	27
189	CS	7.68	8.38	5.99	7.88	M	27
189	1PMS	6.1	8.36	4.66	7.73	M	27
189	2PMS	5.99	8.71	4.68	8.03	M	27
189	1MS	10.71	11.1	9.03	10.76	M	27
189	2MS	8.08	10.48	7.77	10.87	M	27
190	1II	5.38	5.89	3.68	5.24	M	57
190	2II	5.91	6.59	3.86	6.66	M	57
190	CI	7.06	8.15	5.88	7.99	M	57
190	1PMI	7.19	7.99	5.4	6.79	M	57
190	2PMI	7.34	8.91	5.39	7.66	M	57
190	1MI	11.69	10.58	9.87	10.5	M	57
190	2MI	11.37	10.66	9.16	9.56	M	57
190	1IS	7.8	7.3	6.21	6.88	M	57
190	2IS	6.48	6.26	4.91	5.71	M	57
190	CS	7.93	8.96	6.79	8.58	M	57
190	1PMS	7.2	9.6	5.3	8.52	M	57
190	2PMS	6.47	9.97	5.09	8.56	M	57
190	1MS	10.61	11.39	8.41	10.88	M	57
190	2MS	10.48	11.8	8.3	10.25	M	57
191	1II	5.3	5.2	3.1	5.1	F	52
191	2II	5.83	5.78	3.43	5.55	F	52
191	CI	6.02	6.67	4.67	6.66	F	52
191	1PMI	6.6	6.51	4.67	5.97	F	52
191	2PMI	7.12	7.66	4.88	6.69	F	52
191	1MI	10.02	9.78	8.05	8.71	F	52
191	2MI	10	10.22	8.32	9.52	F	52
191	1IS	8.08	6.5	5.6	6.1	F	52
191	2IS	6.08	6.02	4.34	5.23	F	52
191	CS	7.07	7.01	4.71	7.03	F	52
191	1PMS	6.6	8.24	4.3	7.44	F	52
191	2PMS	6.68	8.52	4.61	7.49	F	52
191	1MS	10.58	9.98	7.34	9.88	F	52
191	2MS	9.91	10.77	7.13	10.41	F	52
192	1II	6.2	6.15	3.62	5.93	F	21
192	2II	5.86	6.21	4.08	6.39	F	21
192	CI	6.44	7.03	5.01	6.55	F	21
192	1PMI	7.25	8.03	5.3	6.77	F	21
192	2PMI	7.1	8.4	5.1	7.5	F	21
192	1MI	10.78	10.22	8.96	8.72	F	21
192	2MI	10.23	9.72	9.4	9.38	F	21
192	1IS	8.6	6.9	5.88	5.94	F	21
192	2IS	6.56	6.74	4.88	6.01	F	21
192	CS	6.99	8.06	5.2	7.66	F	21
192	1PMS	6.91	9.66	4.58	8.05	F	21
192	2PMS	6.45	9.74	4.69	8.83	F	21
192	1MS	10.17	11.02	7.88	10.71	F	21
192	2MS	9.29	11.62	7.7	11.41	F	21
193	1II	5.62	5.85	4.06	5.82	M	25
193	2II	6.05	6.02	3.98	5.79	M	25
193	CI	6.57	6.99	5.56	6.77	M	25
193	1PMI	6.43	7.26	5.19	6.29	M	25
193	2PMI	6.92	8.04	5.65	7.04	M	25
193	1MI	11.32	10.38	9.21	9.54	M	25
193	2MI	10.42	9.88	9.36	9.77	M	25
193	1IS	8.74	7.6	6.46	6.46	M	25
193	2IS	6.47	6.1	5.02	5.93	M	25
193	CS	7.51	7.79	5.97	7.21	M	25
193	1PMS	6.24	8.17	4.8	7.39	M	25
193	2PMS	6.74	8.89	5.05	8.52	M	25
193	1MS	9.99	11.21	8.23	10.79	M	25
193	2MS	9.85	11.29	7.8	10.7	M	25
194	1II	5.4	5.66	3.53	5.28	F	28
194	2II	5.98	6.33	4.34	5.54	F	28
194	CI	6.18	7.11	4.88	6.19	F	28
194	1PMI	6.49	7.81	4.92	6.73	F	28
194	2PMI	6.37	8.5	5.07	7.3	F	28
194	1MI	10.77	10.59	8.6	9.38	F	28
194	2MI	10.29	10.6	9.13	10.06	F	28
194	1IS	8.66	6.82	6.55	6.15	F	28
194	2IS	6.33	6.29	4.52	5.49	F	28
194	CS	6.91	7.52	5.02	6.51	F	28
194	1PMS	6.33	9.33	5.22	8.43	F	28
194	2PMS	6.81	9.71	4.59	8.39	F	28
194	1MS	9.48	10.12	7.21	10.81	F	28
194	2MS	9.92	10.82	8.33	11	F	28
195	1II	5.88	5.5	3.22	4.98	F	38
195	2II	5.59	6	3.81	5.6	F	38
195	CI	6.49	7.01	4.88	6.59	F	38
195	1PMI	6.92	6.86	4.6	6.15	F	38
195	2PMI	7.28	7.77	5.38	7.26	F	38
195	1MI	10.57	9.82	8.33	8.98	F	38
195	2MI	10.55	9.35	8.71	8.12	F	38
195	1IS	8.72	7.19	6.1	6.07	F	38
195	2IS	5.74	6.28	3.89	5.38	F	38
195	CS	7.52	7.67	5.12	7	F	38
195	1PMS	6.88	8.46	4.32	7.66	F	38
195	2PMS	5.91	8.28	4.55	7.82	F	38
195	1MS	10.3	10.82	7.03	10.68	F	38
195	2MS	9.5	10.69	7.27	10.25	F	38
196	1II	5.5	6.42	3.61	5.82	F	26
196	2II	5.8	6.87	3.82	6.28	F	26
196	CI	6.52	7.92	5.18	7.77	F	26
196	1PMI	6.71	7.78	4.97	6.77	F	26
196	2PMI	7.12	8.09	NA	7.98	F	26
196	1MI	10.67	10.55	9.53	9.32	F	26
196	2MI	11	10.22	10.23	9.22	F	26
196	1IS	7.8	5.97	7.38	6.33	F	26
196	2IS	6.53	6.71	4.73	5.7	F	26
196	CS	7.68	8.62	5.69	8.21	F	26
196	1PMS	6.6	9.3	4.71	8.06	F	26
196	2PMS	6.27	9.58	4.51	8.62	F	26
196	1MS	10.23	11.43	7.88	11.03	F	26
196	2MS	10.12	11.83	8.14	11.43	F	26
197	1II	5.67	5.31	3.26	4.39	F	25
197	2II	6.17	6.12	3.52	5.54	F	25
197	CI	6.32	6.58	4.49	6.48	F	25
197	1PMI	6.7	7.1	4.5	6.71	F	25
197	2PMI	6.89	7.3	5.06	6.41	F	25
197	1MI	10.03	9.46	8.13	8.31	F	25
197	2MI	9.73	9.53	8.3	NA	F	25
197	1IS	8.3	6.66	6.38	6.06	F	25
197	2IS	7.41	6.09	5.28	5.6	F	25
197	CS	7.38	7.36	5.3	7.02	F	25
197	1PMS	6.3	8.78	4.7	7.71	F	25
197	2PMS	6.77	9.01	4.62	8.27	F	25
197	1MS	10.51	10.58	7.33	10.21	F	25
197	2MS	9.7	10.77	7.47	9.67	F	25
198	1II	5	5.45	3.77	5.84	F	26
198	2II	5.66	6.5	4.17	6.44	F	26
198	CI	6.15	7.57	5.41	7.44	F	26
198	1PMI	NA	7.07	NA	5	F	26
198	2PMI	6.7	7.91	5.41	7.67	F	26
198	1MI	9.82	9.69	8.3	8.51	F	26
198	2MI	10.4	9.9	9.88	9.67	F	26
198	1IS	8.4	7.02	6.66	6.5	F	26
198	2IS	6.07	6.01	4.6	6.11	F	26
198	CS	7.02	7.47	5.51	7.42	F	26
198	1PMS	6.19	8.66	4.84	7.99	F	26
198	2PMS	5.71	9.12	4.69	8.57	F	26
198	1MS	9.32	11.03	7.27	11.12	F	26
198	2MS	10.18	11.27	8.2	11.22	F	26
199	1II	5.02	5.43	3.55	5.02	F	32
199	2II	5.4	6.45	4.11	6.1	F	32
199	CI	6.02	6.89	5.3	6.62	F	32
199	1PMI	6.3	6.51	5.54	6.32	F	32
199	2PMI	5.9	6.63	5.37	6.41	F	32
199	1MI	10.18	9.29	9.16	8.44	F	32
199	2MI	9.98	8.23	9.21	8.2	F	32
199	1IS	NA	6.7	6.63	6.48	F	32
199	2IS	6.29	5.89	4.79	6.21	F	32
199	CS	6.87	7.41	5.52	7.01	F	32
199	1PMS	6.2	8.31	4.77	7.67	F	32
199	2PMS	6.17	8.1	4.66	7.77	F	32
199	1MS	8.66	10.12	7.47	10.23	F	32
199	2MS	7.9	9.87	6.78	10.1	F	32
200	1II	5.1	5.46	3.57	5	F	23
200	2II	4.99	5.72	3.21	5.27	F	23
200	CI	6.03	6.47	4.44	6.39	F	23
200	1PMI	7.13	7.19	4.79	6.25	F	23
200	2PMI	7.6	8.33	5.1	6.43	F	23
200	1MI	10.88	9.91	8.31	7.95	F	23
200	2MI	11.84	10.67	NA	NA	F	23
200	1IS	8.04	6.98	5.55	5.7	F	23
200	2IS	5.9	5.7	3.87	5.71	F	23
200	CS	7.02	7.73	4.76	6.81	F	23
200	1PMS	7	8.89	4.88	7.5	F	23
200	2PMS	6.7	8.66	4.72	7.32	F	23
200	1MS	9.34	10.54	6.61	10.18	F	23
200	2MS	9.86	11.12	6.83	10.28	F	23
201	1II	4.67	5.22	3	4.8	F	44
201	2II	5.3	5.77	3.5	5.57	F	44
201	CI	5.68	6.81	4.68	6.58	F	44
201	1PMI	6.02	6.78	4.48	6.01	F	44
201	2PMI	6.6	7.61	4.56	6.97	F	44
201	1MI	10.59	9.61	8.57	8.65	F	44
201	2MI	9.81	9.56	8.55	8.95	F	44
201	1IS	7.81	6.89	5.96	6.03	F	44
201	2IS	NA	NA	NA	NA	F	44
201	CS	6.47	7.17	5.03	7.11	F	44
201	1PMS	5.8	7.8	4.1	7.1	F	44
201	2PMS	6.12	8.03	4.1	7.42	F	44
201	1MS	9.55	10.12	7.47	9.86	F	44
201	2MS	10	10.23	7.11	9.81	F	44
202	1II	5.12	5.77	3.51	5.68	F	20
202	2II	5.7	6.51	4.07	6.31	F	20
202	CI	6.28	7.55	5.03	7.54	F	20
202	1PMI	6.66	7.02	5.15	6.48	F	20
202	2PMI	6.56	7.56	4.59	6.91	F	20
202	1MI	11.08	10.26	9.01	9.71	F	20
202	2MI	11	10.02	9.4	9.66	F	20
202	1IS	8.01	7.4	5.88	6.61	F	20
202	2IS	6.64	6.41	5.16	6.19	F	20
202	CS	7.06	8.01	5.88	7.91	F	20
202	1PMS	6.8	8.72	4.61	8.18	F	20
202	2PMS	6.7	9.44	4.83	9.13	F	20
202	1MS	10.03	11.11	8.71	11.03	F	20
202	2MS	8.4	10.45	7.98	10.92	F	20
203	1II	5.4	5.71	3.88	5.44	F	29
203	2II	6.32	5.93	3.91	5.68	F	29
203	CI	6.15	6.72	5.13	6.43	F	29
203	1PMI	7.61	7.37	5.08	6.78	F	29
203	2PMI	7.34	8.27	5.15	6.99	F	29
203	1MI	11.09	10.51	8.44	8.68	F	29
203	2MI	10.6	10.83	9.27	9.27	F	29
203	1IS	8.06	6.79	5.68	5.74	F	29
203	2IS	6.4	4.6	6.38	5.47	F	29
203	CS	7.19	8.53	5.41	7.16	F	29
203	1PMS	7.23	9.23	4.78	7.64	F	29
203	2PMS	6.7	9.61	4.76	9.13	F	29
203	1MS	11	11.14	8.01	10.06	F	29
203	2MS	10.61	11.24	8.38	10.51	F	29
204	1II	4.7	5.49	2.88	5.22	F	44
204	2II	5.36	6.01	3.33	6.19	F	44
204	CI	6.32	6.84	5.01	6.68	F	44
204	1PMI	6.6	7.43	4.64	6.33	F	44
204	2PMI	6.6	8.1	4.67	7.43	F	44
204	1MI	10.88	10.27	8.33	8.44	F	44
204	2MI	10.5	10.88	9.18	9.2	F	44
204	1IS	7.69	6.81	5.68	5.89	F	44
204	2IS	5.14	5.4	3.54	4.88	F	44
204	CS	7.1	7.36	5.68	7.44	F	44
204	1PMS	6.86	8.98	4.88	7.9	F	44
204	2PMS	6.28	7.98	4.61	7.38	F	44
204	1MS	10.46	11.01	7.23	10.44	F	44
204	2MS	9.13	11.01	7.22	9.8	F	44
205	1II	4.62	5.83	4.12	5.35	F	47
205	2II	5.3	6.04	3.37	6.12	F	47
205	CI	6.03	7.68	5.01	NA	F	47
205	1PMI	6.6	7.3	4.91	6.5	F	47
205	2PMI	6.8	7.42	5.23	6.92	F	47
205	1MI	10.88	10.47	9.02	9.66	F	47
205	2MI	10.2	10.58	9.01	9.01	F	47
205	1IS	8.49	6.3	7.27	6.49	F	47
205	2IS	6.61	6.36	4.92	5.94	F	47
205	CS	7.03	7.89	5.47	7.49	F	47
205	1PMS	6.72	8.34	4.88	7.9	F	47
205	2PMS	6.48	9.16	4.74	8.42	F	47
205	1MS	10.12	11.03	8.06	11.01	F	47
205	2MS	9.9	11.05	8.04	10.5	F	47
206	1II	4.65	5.88	4.2	5.31	F	18
206	2II	5.5	5.9	4.08	6.12	F	18
206	CI	5.98	6.45	5.01	6.34	F	18
206	1PMI	6.1	6.2	4.6	6.25	F	18
206	2PMI	6.2	6.66	5.22	6.31	F	18
206	1MI	10.25	9.04	8.65	8.68	F	18
206	2MI	10.1	9.12	9.35	8.93	F	18
206	1IS	8.12	6.77	6.12	6.28	F	18
206	2IS	4.82	5.12	4.22	4.88	F	18
206	CS	6.69	7.07	5.12	6.94	F	18
206	1PMS	6.31	8.25	4.79	7.76	F	18
206	2PMS	6.45	9.11	4.68	8.35	F	18
206	1MS	9.32	10.73	7.69	10.55	F	18
206	2MS	9.64	10.59	8.23	10.74	F	18
207	1II	4.66	5.55	2.92	5.27	F	32
207	2II	5.3	6.53	3.55	6.48	F	32
207	CI	6.61	7.13	4.57	7.22	F	32
207	1PMI	6.66	7.71	4.73	7.6	F	32
207	2PMI	NA	8.12	5.2	7.79	F	32
207	1MI	10.12	9.68	8.56	8.95	F	32
207	2MI	10.58	10.23	9.26	9.61	F	32
207	1IS	8.06	6.24	6.91	5.81	F	32
207	2IS	5.91	5.89	4.45	5.67	F	32
207	CS	6.83	7.79	5.04	7.55	F	32
207	1PMS	6.7	8.42	4.64	7.8	F	32
207	2PMS	6.57	9.03	4.57	8.55	F	32
207	1MS	10.03	10.64	7.12	11.21	F	32
207	2MS	10.8	11.55	7.52	11.48	F	32
208	1II	5.73	5.8	3.99	5.71	F	37
208	2II	5.51	6.38	4.11	5.91	F	37
208	CI	6.56	6.73	5.02	6.72	F	37
208	1PMI	7.1	8.57	5.2	7.12	F	37
208	2PMI	7.77	8.42	5.53	7.71	F	37
208	1MI	10.14	9.62	8.66	8.92	F	37
208	2MI	11.8	10.55	9.41	9.51	F	37
208	1IS	7.82	7.53	5.96	6.71	F	37
208	2IS	7.15	6.3	5.2	5.91	F	37
208	CS	8.02	8.12	5.58	7.53	F	37
208	1PMS	6.8	9.4	5.12	8.38	F	37
208	2PMS	NA	9.74	5.17	8.66	F	37
208	1MS	11.51	11.53	7.89	10.34	F	37
208	2MS	11.71	12.73	7.77	11.32	F	37
209	1II	5.77	5.23	3.71	4.94	F	24
209	2II	6.46	5.87	4.08	5.85	F	24
209	CI	6.22	6.57	4.65	6.77	F	24
209	1PMI	6.61	6.99	4.67	5.98	F	24
209	2PMI	6.55	7.62	4.81	7.04	F	24
209	1MI	10.81	9.87	8.22	8.63	F	24
209	2MI	11.8	10.55	9.41	9.51	F	24
209	1IS	8.45	6.51	6.01	5.7	F	24
209	2IS	6.78	5.7	4.67	5.5	F	24
209	CS	7.22	7.27	5.34	7	F	24
209	1PMS	6.61	8.44	4.7	7.64	F	24
209	2PMS	6.04	8.67	4.33	8.19	F	24
209	1MS	10.11	10.03	7.11	10.06	F	24
209	2MS	9.39	10.25	7.3	9.77	F	24
210	1II	4.99	5.92	3.3	5.39	F	27
210	2II	5.74	6.17	3.73	6.13	F	27
210	CI	6.27	7.11	4.96	7.01	F	27
210	1PMI	6.1	7.54	5.11	6.49	F	27
210	2PMI	6.82	8.07	5.09	6.72	F	27
210	1MI	11.32	10.95	9.58	9.71	F	27
210	2MI	11.28	10.11	10.65	9.82	F	27
210	1IS	8.58	7.06	6.6	6.5	F	27
210	2IS	4.82	5.12	4.22	4.88	F	27
210	CS	7.08	7.39	5.73	7.41	F	27
210	1PMS	6.48	8.82	4.51	7.69	F	27
210	2PMS	6.32	8.62	4.62	7.68	F	27
210	1MS	10.89	11.05	7.94	10.81	F	27
210	2MS	10.26	10.92	7.63	10.78	F	27
211	1II	4.6	5.89	4.27	5.37	F	41
211	2II	4.72	5.33	3.52	3.6	F	41
211	CI	5.63	6.11	4.5	6.27	F	41
211	1PMI	5.9	6.16	5.39	5.41	F	41
211	2PMI	6.3	6.74	4.4	6.12	F	41
211	1MI	9.36	8.47	7.88	8.03	F	41
211	2MI	9.21	8.38	7.91	7.8	F	41
211	1IS	7.7	6.2	5.64	5.3	F	41
211	2IS	5.81	5.83	3.9	5.2	F	41
211	CS	6.38	6.83	5.53	6.02	F	41
211	1PMS	6.08	7.81	4.3	6.84	F	41
211	2PMS	6.11	7.84	4.4	6.97	F	41
211	1MS	9.23	9.51	7.02	9.46	F	41
211	2MS	9.3	9.78	6.81	9.2	F	41
